0.00,0.00945987,43.50161362,-0.61938965,-8.41503054,-219.69863646
0.06,0.00945987,43.50161362,-0.61938965,-8.41503054,-219.69863646
0.11,0.00945987,43.50161362,-0.61938965,-8.41503054,-219.69863646
0.16,0.00945987,43.50161362,-0.61938965,-8.41503054,-219.69863646
0.21,0.00945987,43.50161362,-0.61938965,-8.41503054,-219.69863646
0.26,0.00945987,43.50161362,-0.61938965,-8.41503054,-219.69863646
0.31,0.00945987,43.50161362,-0.61938965,-8.41503054,-219.69863646
0.36,0.00945987,43.50161362,-0.61938965,-8.41503054,-219.69863646
0.41,0.00945987,43.50161362,-0.61938965,-8.41503054,-219.69863646
0.46,0.00945987,43.50161362,-0.61938965,-8.41503054,-219.69863646
0.51,0.00945987,43.50161362,-0.61938965,-8.41503054,-219.69863646
0.56,0.00945987,43.50161362,-0.61938965,-8.41503054,-219.69863646
0.60,0.00945987,43.50161362,-0.61938965,-8.41503054,-219.69863646
0.66,0.00945987,43.50161362,-0.61938965,-8.41503054,-219.69863646
0.71,0.00945987,43.50161362,-0.61938965,-8.41503054,-219.69863646
0.76,0.00945987,43.50161362,-0.61938965,-8.41503054,-219.69863646
0.81,0.00945987,43.50161362,-0.61938965,-8.41503054,-219.69863646
0.86,0.00945987,43.50161362,-0.61938965,-8.41503054,-219.69863646
0.91,0.00945987,43.50161362,-0.61938965,-8.41503054,-219.69863646
0.96,0.00945987,43.50161362,-0.61938965,-8.41503054,-219.69863646
1.00,0.00945987,43.50161362,-0.61938965,-8.41503054,-219.69863646
1.05,0.00945987,43.50161362,-0.61938965,-8.41503054,-219.69863646
1.10,0.00945987,43.50161362,-0.61938965,-8.41503054,-219.69863646
1.16,0.00945987,43.50161362,-0.61938965,-8.41503054,-219.69863646
1.20,0.00945987,43.50161362,-0.61938965,-8.41503054,-219.69863646
1.26,0.00945987,43.50161362,-0.61938965,-8.41503054,-219.69863646
1.31,0.00945987,43.50161362,-0.61938965,-8.41503054,-219.69863646
1.36,0.00945987,43.50161362,-0.61938965,-8.41503054,-219.69863646
1.41,0.00945987,43.50161362,-0.61938965,-8.41503054,-219.69863646
1.46,0.00945987,43.50161362,-0.61938965,-8.41503054,-219.69863646
1.51,0.00945987,43.50161362,-0.61938965,-8.41503054,-219.69863646
1.56,0.00945987,43.50161362,-0.61938965,-8.41503054,-219.69863646
1.60,0.00945987,43.50161362,-0.61938965,-8.41503054,-219.69863646
1.66,0.00945987,43.50161362,-0.61938965,-8.41503054,-219.69863646
1.70,0.00945987,43.50161362,-0.61938965,-8.41503054,-219.69863646
1.76,0.00945987,43.50161362,-0.61938965,-8.41503054,-219.69863646
1.81,0.00945987,43.50161362,-0.61938965,-8.41503054,-219.69863646
1.86,0.00945987,43.50161362,-0.61938965,-8.41503054,-219.69863646
1.90,0.00945987,43.50161362,-0.61938965,-8.41503054,-219.69863646
1.96,0.00945987,43.50161362,-0.61938965,-8.41503054,-219.69863646
2.01,0.00945987,43.50161362,-0.61938965,-8.41503054,-219.69863646
2.06,0.00945987,43.50161362,-0.61938965,-8.41503054,-219.69863646
2.11,0.00945987,43.50161362,-0.61938965,-8.41503054,-219.69863646
2.16,0.00945987,43.50161362,-0.61938965,-8.41503054,-219.69863646
2.20,0.00945987,43.50161362,-0.61938965,-8.41503054,-219.69863646
2.26,0.00945987,43.50161362,-0.61938965,-8.41503054,-219.69863646
2.31,0.00945987,43.50161362,-0.61938965,-8.41503054,-219.69863646
2.36,0.00945987,43.50161362,-0.61938965,-8.41503054,-219.69863646
2.41,0.00945987,43.50161362,-0.61938965,-8.41503054,-219.69863646
2.46,0.00945987,43.50161362,-0.61938965,-8.41503054,-219.69863646
2.50,0.00945987,43.50161362,-0.61938965,-8.41503054,-219.69863646
2.56,0.00945987,43.50161362,-0.61938965,-8.41503054,-219.69863646
2.60,0.00945987,43.50161362,-0.61938965,-8.41503054,-219.69863646
2.66,0.00945987,43.50161362,-0.61938965,-8.41503054,-219.69863646
2.71,0.00945987,43.50161362,-0.61938965,-8.41503054,-219.69863646
2.76,0.00945987,43.50161362,-0.61938965,-8.41503054,-219.69863646
2.81,0.00945987,43.50161362,-0.61938965,-8.41503054,-219.69863646
2.86,0.00945987,43.50161362,-0.61938965,-8.41503054,-219.69863646
2.90,0.00945987,43.50161362,-0.61938965,-8.41503054,-219.69863646
2.95,0.00945987,43.50161362,-0.61938965,-8.41503054,-219.69863646
3.00,0.00945987,43.50161362,-0.61938965,-8.41503054,-219.69863646
3.06,0.00945987,43.50161362,-0.61938965,-8.41503054,-219.69863646
3.11,0.00945987,43.50161362,-0.61938965,-8.41503054,-219.69863646
3.16,0.00945987,43.50161362,-0.61938965,-8.41503054,-219.69863646
3.21,0.00945987,43.50161362,-0.61938965,-8.41503054,-219.69863646
3.26,0.00945987,43.50161362,-0.61938965,-8.41503054,-219.69863646
3.30,0.00945987,43.50161362,-0.61938965,-8.41503054,-219.69863646
3.35,0.00945987,43.50161362,-0.61938965,-8.41503054,-219.69863646
3.40,0.00945987,43.50161362,-0.61938965,-8.41503054,-219.69863646
3.46,0.00945987,43.50161362,-0.61938965,-8.41503054,-219.69863646
3.51,0.00945987,43.50161362,-0.61938965,-8.41503054,-219.69863646
3.55,0.00945987,43.50161362,-0.61938965,-8.41503054,-219.69863646
3.60,0.00945987,43.50161362,-0.61938965,-8.41503054,-219.69863646
3.65,0.00945987,43.50161362,-0.61938965,-8.41503054,-219.69863646
3.70,0.00945987,43.50161362,-0.61938965,-8.41503054,-219.69863646
3.76,0.00945987,43.50161362,-0.61938965,-8.41503054,-219.69863646
3.80,0.00945987,43.50161362,-0.61938965,-8.41503054,-219.69863646
3.86,0.00945987,43.50161362,-0.61938965,-8.41503054,-219.69863646
3.91,0.00945987,43.50161362,-0.61938965,-8.41503054,-219.69863646
3.96,0.00945987,43.50161362,-0.61938965,-8.41503054,-219.69863646
4.01,0.00945987,43.50161362,-0.61938965,-8.41503054,-219.69863646
4.06,0.00945987,43.50161362,-0.61938965,-8.41503054,-219.69863646
4.10,0.00945987,43.50161362,-0.61938965,-8.41503054,-219.69863646
4.16,0.00945987,43.50161362,-0.61938965,-8.41503054,-219.69863646
4.20,0.00945987,43.50161362,-0.61938965,-8.41503054,-219.69863646
4.26,0.00945987,43.50161362,-0.61938965,-8.41503054,-219.69863646
4.30,0.00945987,43.50161362,-0.61938965,-8.41503054,-219.69863646
4.35,0.00945987,43.50161362,-0.61938965,-8.41503054,-219.69863646
4.40,0.00945987,43.50161362,-0.61938965,-8.41503054,-219.69863646
4.46,0.00945987,43.50161362,-0.61938965,-8.41503054,-219.69863646
4.50,0.00945987,43.50161362,-0.61938965,-8.41503054,-219.69863646
4.56,0.00945987,43.50161362,-0.61938965,-8.41503054,-219.69863646
4.61,0.00945987,43.50161362,-0.61938965,-8.41503054,-219.69863646
4.66,0.00945987,43.50161362,-0.61938965,-8.41503054,-219.69863646
4.71,0.00945987,43.50161362,-0.61938965,-8.41503054,-219.69863646
4.75,0.00945987,43.50161362,-0.61938965,-8.41503054,-219.69863646
4.80,0.00945987,43.50161362,-0.61938965,-8.41503054,-219.69863646
4.86,0.00945987,43.50161362,-0.61938965,-8.41503054,-219.69863646
4.91,0.00945987,43.50161362,-0.61938965,-8.41503054,-219.69863646
4.96,0.00945987,43.50161362,-0.61938965,-8.41503054,-219.69863646
5.00,0.00945987,43.50161362,-0.61938965,-8.41503054,-219.69863646
5.06,0.00945987,43.50161362,-0.61938965,-8.41503054,-219.69863646
5.11,0.00945987,43.50161362,-0.61938965,-8.41503054,-219.69863646
5.16,0.00945987,43.50161362,-0.61938965,-8.41503054,-219.69863646
5.21,0.00945987,43.50161362,-0.61938965,-8.41503054,-219.69863646
5.26,0.00945987,43.50161362,-0.61938965,-8.41503054,-219.69863646
5.30,0.00945987,43.50161362,-0.61938965,-8.41503054,-219.69863646
5.35,0.00945987,43.50161362,-0.61938965,-8.41503054,-219.69863646
5.41,0.00945987,43.50161362,-0.61938965,-8.41503054,-219.69863646
5.45,0.00945987,43.50161362,-0.61938965,-8.41503054,-219.69863646
5.50,0.00945987,43.50161362,-0.61938965,-8.41503054,-219.69863646
5.55,0.00945987,43.50161362,-0.61938965,-8.41503054,-219.69863646
5.61,0.00945987,43.50161362,-0.61938965,-8.41503054,-219.69863646
5.65,0.00945987,43.50161362,-0.61938965,-8.41503054,-219.69863646
5.70,0.00945987,43.50161362,-0.61938965,-8.41503054,-219.69863646
5.76,0.00945987,43.50161362,-0.61938965,-8.41503054,-219.69863646
5.80,0.00945987,43.50161362,-0.61938965,-8.41503054,-219.69863646
5.86,0.00945987,43.50161362,-0.61938965,-8.41503054,-219.69863646
5.91,0.00945987,43.50161362,-0.61938965,-8.41503054,-219.69863646
5.96,0.00945987,43.50161362,-0.61938965,-8.41503054,-219.69863646
6.01,0.00945987,43.50161362,-0.61938965,-8.41503054,-219.69863646
6.06,0.00945987,43.50161362,-0.61938965,-8.41503054,-219.69863646
6.10,0.00945987,43.50161362,-0.61938965,-8.41503054,-219.69863646
6.15,0.00945987,43.50161362,-0.61938965,-8.41503054,-219.69863646
6.20,0.00945987,43.50161362,-0.61938965,-8.41503054,-219.69863646
6.26,0.00945987,43.50161362,-0.61938965,-8.41503054,-219.69863646
6.30,0.00945987,43.50161362,-0.61938965,-8.41503054,-219.69863646
6.36,0.00945987,43.50161362,-0.61938965,-8.41503054,-219.69863646
6.40,0.00945987,43.50161362,-0.61938965,-8.41503054,-219.69863646
6.46,0.00945987,43.50161362,-0.61938965,-8.41503054,-219.69863646
6.50,0.00945987,43.50161362,-0.61938965,-8.41503054,-219.69863646
6.56,0.00945987,43.50161362,-0.61938965,-8.41503054,-219.69863646
6.60,0.00945987,43.50161362,-0.61938965,-8.41503054,-219.69863646
6.66,0.00945987,43.50161362,-0.61938965,-8.41503054,-219.69863646
6.71,0.00945987,43.50161362,-0.61938965,-8.41503054,-219.69863646
6.76,0.00945987,43.50161362,-0.61938965,-8.41503054,-219.69863646
6.80,0.00945987,43.50161362,-0.61938965,-8.41503054,-219.69863646
6.86,0.00945987,43.50161362,-0.61938965,-8.41503054,-219.69863646
6.90,0.00945987,43.50161362,-0.61938965,-8.41503054,-219.69863646
6.96,0.00945987,43.50161362,-0.61938965,-8.41503054,-219.69863646
7.01,0.00945987,43.50161362,-0.61938965,-8.41503054,-219.69863646
7.06,0.00945987,43.50161362,-0.61938965,-8.41503054,-219.69863646
7.10,0.00945987,43.50161362,-0.61938965,-8.41503054,-219.69863646
7.16,0.00945987,43.50161362,-0.61938965,-8.41503054,-219.69863646
7.20,0.00945987,43.50161362,-0.61938965,-8.41503054,-219.69863646
7.26,0.00945987,43.50161362,-0.61938965,-8.41503054,-219.69863646
7.30,0.00945987,43.50161362,-0.61938965,-8.41503054,-219.69863646
7.36,0.00945987,43.50161362,-0.61938965,-8.41503054,-219.69863646
7.41,0.00945987,43.50161362,-0.61938965,-8.41503054,-219.69863646
7.46,0.00945987,43.50161362,-0.61938965,-8.41503054,-219.69863646
7.50,0.00945987,43.50161362,-0.61938965,-8.41503054,-219.69863646
7.55,0.00945987,43.50161362,-0.61938965,-8.41503054,-219.69863646
7.60,0.00945987,43.50161362,-0.61938965,-8.41503054,-219.69863646
7.66,0.00945987,43.50161362,-0.61938965,-8.41503054,-219.69863646
7.71,0.00945987,43.50161362,-0.61938965,-8.41503054,-219.69863646
7.76,0.00945987,43.50161362,-0.61938965,-8.41503054,-219.69863646
7.80,0.00945987,43.50161362,-0.61938965,-8.41503054,-219.69863646
7.86,0.00945987,43.50161362,-0.61938965,-8.41503054,-219.69863646
7.91,0.00945987,43.50161362,-0.61938965,-8.41503054,-219.69863646
7.96,0.00945987,43.50161362,-0.61938965,-8.41503054,-219.69863646
8.00,0.00945987,43.50161362,-0.61938965,-8.41503054,-219.69863646
8.06,0.00945987,43.50161362,-0.61938965,-8.41503054,-219.69863646
8.11,0.00945987,43.50161362,-0.61938965,-8.41503054,-219.69863646
8.16,0.00945987,43.50161362,-0.61938965,-8.41503054,-219.69863646
8.21,0.00945987,43.50161362,-0.61938965,-8.41503054,-219.69863646
8.26,0.00945987,43.50161362,-0.61938965,-8.41503054,-219.69863646
8.30,0.00945987,43.50161362,-0.61938965,-8.41503054,-219.69863646
8.36,0.00945987,43.50161362,-0.61938965,-8.41503054,-219.69863646
8.40,0.00945987,43.50161362,-0.61938965,-8.41503054,-219.69863646
8.46,0.00945987,43.50161362,-0.61938965,-8.41503054,-219.69863646
8.50,0.00945987,43.50161362,-0.61938965,-8.41503054,-219.69863646
8.55,0.00945987,43.50161362,-0.61938965,-8.41503054,-219.69863646
8.61,0.00945987,43.50161362,-0.61938965,-8.41503054,-219.69863646
8.66,0.00945987,43.50161362,-0.61938965,-8.41503054,-219.69863646
8.70,0.00945987,43.50161362,-0.61938965,-8.41503054,-219.69863646
8.76,0.00945987,43.50161362,-0.61938965,-8.41503054,-219.69863646
8.81,0.00945987,43.50161362,-0.61938965,-8.41503054,-219.69863646
8.86,0.00945987,43.50161362,-0.61938965,-8.41503054,-219.69863646
8.91,0.00945987,43.50161362,-0.61938965,-8.41503054,-219.69863646
8.96,0.00945987,43.50161362,-0.61938965,-8.41503054,-219.69863646
9.01,0.00945987,43.50161362,-0.61938965,-8.41503054,-219.69863646
9.06,0.00945987,43.50161362,-0.61938965,-8.41503054,-219.69863646
9.10,0.00945987,43.50161362,-0.61938965,-8.41503054,-219.69863646
9.16,0.00945987,43.50161362,-0.61938965,-8.41503054,-219.69863646
9.20,0.00945987,43.50161362,-0.61938965,-8.41503054,-219.69863646
9.26,0.00945987,43.50161362,-0.61938965,-8.41503054,-219.69863646
9.30,0.00945987,43.50161362,-0.61938965,-8.41503054,-219.69863646
9.36,0.00945987,43.50161362,-0.61938965,-8.41503054,-219.69863646
9.41,0.00945987,43.50161362,-0.61938965,-8.41503054,-219.69863646
9.46,0.00945987,43.50161362,-0.61938965,-8.41503054,-219.69863646
9.51,0.00945987,43.50161362,-0.61938965,-8.41503054,-219.69863646
9.56,0.00945987,43.50161362,-0.61938965,-8.41503054,-219.69863646
9.60,0.00945987,43.50161362,-0.61938965,-8.41503054,-219.69863646
9.66,0.00945987,43.50161362,-0.61938965,-8.41503054,-219.69863646
9.71,0.00945987,43.50161362,-0.61938965,-8.41503054,-219.69863646
9.76,0.00945987,43.50161362,-0.61938965,-8.41503054,-219.69863646
9.80,0.00945987,43.50161362,-0.61938965,-8.41503054,-219.69863646
9.85,0.00945987,43.50161362,-0.61938965,-8.41503054,-219.69863646
9.91,0.00945987,43.50161362,-0.61938965,-8.41503054,-219.69863646
9.95,0.00945987,43.50161362,-0.61938965,-8.41503054,-219.69863646
10.01,0.00945987,43.50161362,-0.61938965,-8.41503054,-219.69863646
10.06,0.00945987,43.50161362,-0.61938965,-8.41503054,-219.69863646
10.10,0.00945987,43.50161362,-0.61938965,-8.41503054,-219.69863646
10.16,0.00945987,43.50161362,-0.61938965,-8.41503054,-219.69863646
10.21,0.00945987,43.50161362,-0.61938965,-8.41503054,-219.69863646
10.26,0.00945987,43.50161362,-0.61938965,-8.41503054,-219.69863646
10.31,0.00945987,43.50161362,-0.61938965,-8.41503054,-219.69863646
10.36,0.00945987,43.50161362,-0.61938965,-8.41503054,-219.69863646
10.41,0.00945987,43.50161362,-0.61938965,-8.41503054,-219.69863646
10.46,0.00945987,43.50161362,-0.61938965,-8.41503054,-219.69863646
10.50,0.00945987,43.50161362,-0.61938965,-8.41503054,-219.69863646
10.56,0.00945987,43.50161362,-0.61938965,-8.41503054,-219.69863646
10.60,0.00945987,43.50161362,-0.61938965,-8.41503054,-219.69863646
10.66,0.00945987,43.50161362,-0.61938965,-8.41503054,-219.69863646
10.71,0.00945987,43.50161362,-0.61938965,-8.41503054,-219.69863646
10.76,0.00945987,43.50161362,-0.61938965,-8.41503054,-219.69863646
10.80,0.00945987,43.50161362,-0.61938965,-8.41503054,-219.69863646
10.86,0.00945987,43.50161362,-0.61938965,-8.41503054,-219.69863646
10.90,0.00945987,43.50161362,-0.61938965,-8.41503054,-219.69863646
10.96,0.00945987,43.50161362,-0.61938965,-8.41503054,-219.69863646
11.01,0.00945987,43.50161362,-0.61938965,-8.41503054,-219.69863646
11.06,0.00945987,43.50161362,-0.61938965,-8.41503054,-219.69863646
11.11,0.00945987,43.50161362,-0.61938965,-8.41503054,-219.69863646
11.16,0.00945987,43.50161362,-0.61938965,-8.41503054,-219.69863646
11.20,0.00945987,43.50161362,-0.61938965,-8.41503054,-219.69863646
11.26,0.00945987,43.50161362,-0.61938965,-8.41503054,-219.69863646
11.30,0.00945987,43.50161362,-0.61938965,-8.41503054,-219.69863646
11.36,0.00945987,43.50161362,-0.61938965,-8.41503054,-219.69863646
11.41,0.00945987,43.50161362,-0.61938965,-8.41503054,-219.69863646
11.46,0.00945987,43.50161362,-0.61938965,-8.41503054,-219.69863646
11.51,0.00945987,43.50161362,-0.61938965,-8.41503054,-219.69863646
11.56,0.00945987,43.50161362,-0.61938965,-8.41503054,-219.69863646
11.60,0.00945987,43.50161362,-0.61938965,-8.41503054,-219.69863646
11.66,0.00945987,43.50161362,-0.61938965,-8.41503054,-219.69863646
11.71,0.00945987,43.50161362,-0.61938965,-8.41503054,-219.69863646
11.76,0.00945987,43.50161362,-0.61938965,-8.41503054,-219.69863646
11.81,0.00945987,43.50161362,-0.61938965,-8.41503054,-219.69863646
11.86,0.00945987,43.50161362,-0.61938965,-8.41503054,-219.69863646
11.90,0.00945987,43.50161362,-0.61938965,-8.41503054,-219.69863646
11.96,0.00945987,43.50161362,-0.61938965,-8.41503054,-219.69863646
12.01,0.00945987,43.50161362,-0.61938965,-8.41503054,-219.69863646
12.06,0.00945987,43.50161362,-0.61938965,-8.41503054,-219.69863646
12.10,0.00945987,43.50161362,-0.61938965,-8.41503054,-219.69863646
12.16,0.00945987,43.50161362,-0.61938965,-8.41503054,-219.69863646
12.21,0.00945987,43.50161362,-0.61938965,-8.41503054,-219.69863646
12.25,0.00945987,43.50161362,-0.61938965,-8.41503054,-219.69863646
12.31,0.00945987,43.50161362,-0.61938965,-8.41503054,-219.69863646
12.36,0.00945987,43.50161362,-0.61938965,-8.41503054,-219.69863646
12.41,0.00945987,43.50161362,-0.61938965,-8.41503054,-219.69863646
12.46,0.00945987,43.50161362,-0.61938965,-8.41503054,-219.69863646
12.50,0.00945987,43.50161362,-0.61938965,-8.41503054,-219.69863646
12.56,0.00945987,43.50161362,-0.61938965,-8.41503054,-219.69863646
12.61,0.00945987,43.50161362,-0.61938965,-8.41503054,-219.69863646
12.66,0.00945987,43.50161362,-0.61938965,-8.41503054,-219.69863646
12.70,0.00945987,43.50161362,-0.61938965,-8.41503054,-219.69863646
12.76,0.00945987,43.50161362,-0.61938965,-8.41503054,-219.69863646
12.80,0.00945987,43.50161362,-0.61938965,-8.41503054,-219.69863646
12.86,0.00945987,43.50161362,-0.61938965,-8.41503054,-219.69863646
12.91,0.00945987,43.50161362,-0.61938965,-8.41503054,-219.69863646
12.96,0.00945987,43.50161362,-0.61938965,-8.41503054,-219.69863646
13.00,0.00945987,43.50161362,-0.61938965,-8.41503054,-219.69863646
13.06,0.00945987,43.50161362,-0.61938965,-8.41503054,-219.69863646
13.10,0.00945987,43.50161362,-0.61938965,-8.41503054,-219.69863646
13.16,0.00945987,43.50161362,-0.61938965,-8.41503054,-219.69863646
13.20,0.00945987,43.50161362,-0.61938965,-8.41503054,-219.69863646
13.26,0.00945987,43.50161362,-0.61938965,-8.41503054,-219.69863646
13.31,0.00945987,43.50161362,-0.61938965,-8.41503054,-219.69863646
13.36,0.00945987,43.50161362,-0.61938965,-8.41503054,-219.69863646
13.40,0.00945987,43.50161362,-0.61938965,-8.41503054,-219.69863646
13.46,0.00945987,43.50161362,-0.61938965,-8.41503054,-219.69863646
13.50,0.00945987,43.50161362,-0.61938965,-8.41503054,-219.69863646
13.56,0.00945987,43.50161362,-0.61938965,-8.41503054,-219.69863646
13.61,0.00945987,43.50161362,-0.61938965,-8.41503054,-219.69863646
13.66,0.00945987,43.50161362,-0.61938965,-8.41503054,-219.69863646
13.71,0.00945987,43.50161362,-0.61938965,-8.41503054,-219.69863646
13.76,0.00945987,43.50161362,-0.61938965,-8.41503054,-219.69863646
13.81,0.00945987,43.50161362,-0.61938965,-8.41503054,-219.69863646
13.86,0.00945987,43.50161362,-0.61938965,-8.41503054,-219.69863646
13.91,0.00945987,43.50161362,-0.61938965,-8.41503054,-219.69863646
13.96,0.00945987,43.50161362,-0.61938965,-8.41503054,-219.69863646
14.00,0.00945987,43.50161362,-0.61938965,-8.41503054,-219.69863646
14.06,0.00945987,43.50161362,-0.61938965,-8.41503054,-219.69863646
14.10,0.00945987,43.50161362,-0.61938965,-8.41503054,-219.69863646
14.16,0.00945987,43.50161362,-0.61938965,-8.41503054,-219.69863646
14.21,0.75521929,43.60700226,-0.68879348,-8.47522371,-219.58789297
14.26,0.82393506,43.70653343,-0.68946433,-8.45952127,-219.38922222
14.31,0.82393506,43.80606461,-0.69013518,-8.45952127,-219.38922222
14.35,0.89282751,43.81582260,-0.70233271,-8.48218391,-219.36793684
14.41,0.89282751,43.82558060,-0.71453023,-8.48218391,-219.36793684
14.46,0.96156411,43.89583778,-0.72691071,-8.49510749,-219.22789919
14.51,0.96156411,43.96609497,-0.73929119,-8.49510749,-219.22789919
14.56,0.96156411,43.96609497,-0.73929119,-8.49510749,-219.22789919
14.61,0.96156411,43.96609497,-0.73929119,-8.49510749,-219.22789919
14.66,0.96156411,43.96609497,-0.73929119,-8.49510749,-219.22789919
14.71,0.96156411,43.96609497,-0.73929119,-8.49510749,-219.22789919
14.76,1.08964087,44.17256927,-0.75674263,-8.46471735,-219.06508803
14.81,1.15991107,44.21745682,-0.79040813,-8.52429770,-218.97131008
14.86,1.19448853,44.20769882,-0.76204860,-8.46919938,-218.99234302
14.91,1.19448853,44.19794083,-0.73368907,-8.46919938,-218.99234302
14.96,1.19448853,44.08006668,-0.67367294,-8.46919938,-218.99234302
15.01,1.22967506,43.96219254,-0.61365682,-8.36986709,-219.23795619
15.06,1.27495460,43.84899902,-0.62542742,-8.41258813,-219.46164493
15.11,1.27495460,43.73580551,-0.63719803,-8.41258813,-219.46164493
15.16,1.31137929,43.87632179,-0.58645636,-8.28765138,-219.19067480
15.21,1.31137929,44.01683807,-0.53571469,-8.28765138,-219.19067480
15.26,1.31137929,44.23229218,-0.61555156,-8.28765138,-219.19067480
15.30,1.31137929,44.23229218,-0.61555156,-8.28765138,-219.19067480
15.35,1.31137929,44.23229218,-0.61555156,-8.28765138,-219.19067480
15.40,1.31137929,44.23229218,-0.61555156,-8.28765138,-219.19067480
15.46,1.38736880,44.54727936,-0.68081221,-8.39654151,-218.71579160
15.50,1.45204272,44.61168289,-0.67660403,-8.37727183,-218.58846218
15.56,1.45204272,44.65071678,-0.67623809,-8.37727183,-218.58846218
15.60,1.49371616,44.68975067,-0.67587215,-8.36952843,-218.50749585
15.66,1.49371616,44.73073387,-0.66526020,-8.36952843,-218.50749585
15.70,1.54133562,44.77171707,-0.65464824,-8.34148120,-218.42841941
15.76,1.57487632,44.52581215,-0.64409727,-8.36280696,-218.92445967
15.80,1.57487632,44.27990723,-0.63354629,-8.36280696,-218.92445967
15.86,1.61999830,44.35601997,-0.66989532,-8.42188724,-218.76211950
15.91,1.61999830,44.43213272,-0.70624435,-8.42188724,-218.76211950
15.96,1.65287610,44.70536041,-0.67611614,-8.31542535,-218.22631297
16.01,1.65287610,44.97858810,-0.64598793,-8.31542535,-218.22631297
16.06,1.69596560,44.82636261,-0.63830340,-8.32593774,-218.52923495
16.10,1.69596560,44.67413712,-0.63061887,-8.32593774,-218.52923495
16.16,1.73454711,44.91105461,-0.63202211,-8.28836138,-218.05714840
16.21,1.73454711,45.14797211,-0.63342535,-8.28836138,-218.05714840
16.26,1.78376585,45.24945641,-0.63202262,-8.26830957,-217.85645475
16.31,1.78376585,45.35094070,-0.63061988,-8.26830957,-217.85645475
16.36,1.83375786,45.41534424,-0.63043693,-8.25694716,-217.72776840
16.40,1.83375786,45.47974777,-0.63025397,-8.25694716,-217.72776840
16.46,1.83375786,45.57147408,-0.62793642,-8.25694716,-217.72776840
16.51,1.88453346,45.66320038,-0.62561888,-8.23689481,-217.54858140
16.56,1.92522367,45.76468468,-0.63379130,-8.23585327,-217.34471281
16.61,1.92522367,45.86616898,-0.64196372,-8.23585327,-217.34471281
16.66,1.96632434,45.89739609,-0.64483020,-8.23609776,-217.28102288
16.71,1.96632434,45.92862320,-0.64769667,-8.23609776,-217.28102288
16.76,1.96632434,46.05624771,-0.64781493,-8.23609776,-217.28102288
16.81,2.01338480,46.18387222,-0.64793319,-8.21452880,-217.02696365
16.86,2.01338480,46.35756493,-0.66598555,-8.21452880,-217.02696365
16.91,2.05451950,46.53125763,-0.68403792,-8.22074574,-216.67551641
16.96,2.09337247,46.63078880,-0.70672533,-8.24898518,-216.47216279
17.00,2.09337247,46.73031998,-0.72941273,-8.24898518,-216.47216279
17.06,2.09337247,46.91064262,-0.69636017,-8.24898518,-216.47216279
17.11,2.13134250,47.09096527,-0.66330761,-8.15266466,-216.11978888
17.16,2.13134250,47.25880623,-0.67068720,-8.15266466,-216.11978888
17.21,2.19258284,47.42664719,-0.67806679,-8.13946302,-215.78576738
17.26,2.23030793,47.56130791,-0.69306988,-8.14680566,-215.51493186
17.31,2.23030793,47.69596863,-0.70807296,-8.14680566,-215.51493186
17.36,2.25925978,47.94069290,-0.74240875,-8.17449587,-215.02250789
17.41,2.25925978,48.18541718,-0.77674454,-8.17449587,-215.02250789
17.46,2.29965161,48.32203102,-0.76332718,-8.12536644,-214.75306416
17.51,2.29965161,48.45864487,-0.74990982,-8.12536644,-214.75306416
17.55,2.29965161,48.63038635,-0.70294896,-8.12536644,-214.75306416
17.61,2.83292613,48.80212784,-0.65598810,-8.00353935,-214.41798195
17.65,2.83292613,48.90556526,-0.65068215,-8.00353935,-214.41798195
17.71,2.88216427,49.00900269,-0.64537621,-7.97595157,-214.21246083
17.76,2.88216427,49.19712830,-0.62726152,-7.97595157,-214.21246083
17.80,3.11021914,49.38525391,-0.60914683,-7.90979636,-213.84291106
17.86,3.11021914,49.48088264,-0.57731116,-7.90979636,-213.84291106
17.91,3.04513806,49.57651138,-0.54547548,-7.83098968,-213.65856545
17.96,3.04513806,49.79704475,-0.54364586,-7.83098968,-213.65856545
18.01,3.00987602,50.01757812,-0.54181623,-7.79151774,-213.21573020
18.06,3.00987602,50.22131920,-0.57694545,-7.79151774,-213.21573020
18.10,3.11125413,50.42506027,-0.61207467,-7.82929805,-212.80336383
18.16,3.11125413,50.59289932,-0.59603485,-7.82929805,-212.80336383
18.21,3.15490270,50.76073837,-0.57999504,-7.77059039,-212.46964691
18.25,3.15490270,50.93130112,-0.54852709,-7.77059039,-212.46964691
18.31,3.28323040,51.10186386,-0.51705915,-7.68126116,-212.13857249
18.36,3.28323040,51.29897881,-0.56804541,-7.68126116,-212.13857249
18.40,3.21816641,51.49609375,-0.61903167,-7.75177479,-211.73699247
18.46,3.37923581,51.68149757,-0.58109692,-7.64663732,-211.37015135
18.51,3.37923581,51.86690140,-0.54316217,-7.64663732,-211.37015135
18.56,3.37923581,52.01599503,-0.52888763,-7.64663732,-211.37015135
18.60,3.43012884,52.16508865,-0.51461309,-7.59454241,-211.07659474
18.66,3.43012884,52.35439491,-0.59340900,-7.59454241,-211.07659474
18.71,3.75184782,52.54370117,-0.67220491,-7.72150524,-210.68601451
18.76,3.75184782,52.78960228,-0.68257281,-7.72150524,-210.68601451
18.81,3.92513255,53.03550339,-0.69294071,-7.70307651,-210.19459239
18.86,3.92513255,53.19631195,-0.68727160,-7.70307651,-210.19459239
18.91,4.03105560,53.35712051,-0.68160248,-7.66590536,-209.87386740
18.96,3.98666201,53.52300835,-0.68886006,-7.65353791,-209.54015972
19.01,3.98666201,53.68889618,-0.69611764,-7.65353791,-209.54015972
19.06,3.98666201,53.83917046,-0.66647744,-7.65353791,-209.54015972
19.11,4.12229018,53.98944473,-0.63683724,-7.57061718,-209.24777302
19.16,4.18731037,54.21270180,-0.57225180,-7.40596041,-208.81367533
19.20,4.18731037,54.43595886,-0.50766635,-7.40596041,-208.81367533
19.26,4.18731037,54.67015457,-0.51821733,-7.40596041,-208.81367533
19.31,4.27682629,54.90435028,-0.52876830,-7.38941455,-208.34752401
19.36,4.27682629,55.10028267,-0.54749063,-7.38941455,-208.34752401
19.41,4.32848190,55.29621506,-0.56621295,-7.39460406,-207.95061908
19.46,4.32848190,55.48942566,-0.53858536,-7.39460406,-207.95061908
19.50,4.39538571,55.68263626,-0.51095778,-7.30809784,-207.56988428
19.56,4.52320028,55.93126297,-0.53400815,-7.31372349,-207.07292199
19.61,4.52320028,56.17988968,-0.55705851,-7.31372349,-207.07292199
19.66,4.52320028,56.32430840,-0.57090265,-7.31372349,-207.07292199
19.71,4.39687236,56.46872711,-0.58474678,-7.31724229,-206.77800335
19.75,4.50321477,56.70682144,-0.53748156,-7.18395477,-206.31285633
19.81,4.50321477,56.94491577,-0.49021634,-7.18395477,-206.31285633
19.86,4.50321477,57.15256310,-0.50497793,-7.18395477,-206.31285633
19.91,4.58358735,57.36021042,-0.51973951,-7.17941712,-205.90167158
19.96,4.58358735,57.53976059,-0.48741588,-7.17941712,-205.90167158
20.01,4.62532267,57.71931076,-0.45509225,-7.08525892,-205.54995823
20.06,4.62532267,57.99526024,-0.42307417,-7.08525892,-205.54995823
20.10,4.62718778,58.27120972,-0.39105609,-6.97455404,-204.99403324
20.16,4.79366795,58.41758156,-0.41038933,-6.98873327,-204.70020911
20.21,4.79366795,58.56395340,-0.42972258,-6.98873327,-204.70020911
20.26,4.79366795,58.85746765,-0.44051698,-6.98873327,-204.70020911
20.31,4.85528927,59.15098190,-0.45131138,-6.96212519,-204.11972188
20.36,4.85528927,59.32077408,-0.43917476,-6.96212519,-204.11972188
20.40,4.72363757,59.49056625,-0.42703813,-6.90942292,-203.78049239
20.45,4.72363757,59.70524406,-0.43417373,-6.90942292,-203.78049239
20.51,4.44377069,59.91992188,-0.44130933,-6.88817342,-203.35255325
20.56,4.42128802,60.10414505,-0.44935964,-6.87374377,-202.98734782
20.61,4.42128802,60.28836823,-0.45740995,-6.87374377,-202.98734782
20.66,4.42128802,60.47962761,-0.41337661,-6.87374377,-202.98734782
20.71,4.32365908,60.67088699,-0.36934328,-6.75435500,-202.61328268
20.76,4.32365908,60.88828850,-0.36324409,-6.75435500,-202.61328268
20.81,4.36573553,61.10569000,-0.35714489,-6.70634803,-202.18219935
20.86,4.30770752,61.33402824,-0.37031826,-6.69439047,-201.72169405
20.91,4.30770752,61.56236649,-0.38349164,-6.69439047,-201.72169405
20.96,4.30770752,61.80631828,-0.38440645,-6.69439047,-201.72169405
21.01,4.31512060,62.05027008,-0.38532126,-6.65595962,-201.23756519
21.06,4.30758136,62.29304504,-0.34775385,-6.54037119,-200.75768482
21.10,4.30758136,62.53582001,-0.31018645,-6.54037119,-200.75768482
21.16,4.30758136,62.72903252,-0.31744406,-6.54037119,-200.75768482
21.20,4.36454697,62.92224503,-0.32470167,-6.52287599,-200.37391064
21.26,4.36454697,63.16891861,-0.31726003,-6.52287599,-200.37391064
21.30,4.35124702,63.41559219,-0.30981839,-6.46598844,-199.87759502
21.36,4.41082352,63.56781769,-0.31475841,-6.45007983,-199.57250973
21.40,4.41082352,63.72004318,-0.31969842,-6.45007983,-199.57250973
21.46,4.49496801,64.01161003,-0.32817790,-6.41740564,-198.99000247
21.51,4.49496801,64.30317688,-0.33665738,-6.41740564,-198.99000247
21.56,4.53770751,64.57640457,-0.33812110,-6.37310689,-198.44300338
21.61,4.53770751,64.84963226,-0.33958483,-6.37310689,-198.44300338
21.66,4.53770751,65.12362671,-0.36452673,-6.37310689,-198.44300338
21.71,4.66363127,65.39762115,-0.38946864,-6.37511350,-197.89367396
21.76,4.66363127,65.63376617,-0.33506744,-6.37511350,-197.89367396
21.81,4.67733738,65.86991119,-0.28066623,-6.22499693,-197.43000359
21.86,4.67733738,66.14196014,-0.29701085,-6.22499693,-197.43000359
21.91,4.65488507,66.41400909,-0.31335548,-6.20976135,-196.89231233
21.96,4.65488507,66.63648987,-0.27072499,-6.20976135,-196.89231233
22.01,4.66752600,66.85897064,-0.22809450,-6.08472988,-196.45157535
22.05,4.62168598,67.08613205,-0.23809702,-6.06426356,-196.00179117
22.11,4.62168598,67.31329346,-0.24809954,-6.06426356,-196.00179117
22.16,4.67347364,67.56310272,-0.25639392,-6.03534525,-195.49833475
22.21,4.67347364,67.81291199,-0.26468831,-6.03534525,-195.49833475
22.26,4.67347364,68.00689316,-0.25810058,-6.03534525,-195.49833475
22.30,4.68400717,68.20087433,-0.25151286,-5.98707372,-195.11367605
22.36,4.68400717,68.42921066,-0.25505014,-5.98707372,-195.11367605
22.40,4.65727485,68.65754700,-0.25858742,-5.95256913,-194.66033372
22.46,4.65727485,68.88861465,-0.25566152,-5.95256913,-194.66033372
22.50,4.67570982,69.11968231,-0.25273561,-5.90432896,-194.19839740
22.56,4.67570982,69.40657043,-0.23199958,-5.90432896,-194.19839740
22.61,4.70361073,69.69345856,-0.21126354,-5.80989331,-193.62974254
22.66,4.70361073,69.96940613,-0.23626730,-5.80989331,-193.62974254
22.70,4.70931554,70.24535370,-0.26127106,-5.80897855,-193.07924419
22.76,4.70931554,70.47759628,-0.27328563,-5.80897855,-193.07924419
22.81,4.70143245,70.70983887,-0.28530020,-5.79055980,-192.61989118
22.86,4.70143245,70.93895340,-0.23834100,-5.79055980,-192.61989118
22.91,4.69526715,71.16806793,-0.19138181,-5.65455418,-192.16841228
22.96,4.69526715,71.38665009,-0.19406530,-5.65455418,-192.16841228
23.01,4.73776685,71.60523224,-0.19674879,-5.61963529,-191.73104681
23.06,4.77062346,71.84410095,-0.18546526,-5.55354889,-191.25850999
23.11,4.77062346,72.08296967,-0.17418173,-5.55354889,-191.25850999
23.15,4.82667949,72.33863068,-0.14490749,-5.44770259,-190.75088266
23.21,4.82667949,72.59429169,-0.11563325,-5.44770259,-190.75088266
23.26,4.85215300,72.79726028,-0.12813579,-5.43558676,-190.34935424
23.31,4.85215300,73.00022888,-0.14063834,-5.43558676,-190.34935424
23.36,4.85215300,73.32496643,-0.12426291,-5.43558676,-190.34935424
23.41,4.91541871,73.64970398,-0.10788748,-5.34146386,-189.70444721
23.46,4.91541871,73.80388260,-0.11410823,-5.34146386,-189.70444721
23.50,5.01054911,73.95806122,-0.12032899,-5.32442301,-189.39460758
23.55,5.01054911,74.25548172,-0.09858727,-5.32442301,-189.39460758
23.61,5.10106046,74.55290222,-0.07684554,-5.22347622,-188.80860239
23.66,5.10106046,74.80466461,-0.06254373,-5.22347622,-188.80860239
23.71,5.14459753,75.05642700,-0.04824192,-5.14570134,-188.30899449
23.76,5.14459753,75.38116074,-0.04000817,-5.14570134,-188.30899449
23.80,5.10384554,75.70589447,-0.03177443,-5.06381782,-187.66123487
23.86,5.10384554,75.89402390,-0.04232556,-5.06381782,-187.66123487
23.91,5.11106736,76.08215332,-0.05287668,-5.04769102,-187.29017916
23.96,5.11106736,76.30463791,-0.04891246,-5.04769102,-187.29017916
24.01,5.13211411,76.52712250,-0.04494823,-4.99419790,-186.84537299
24.06,5.13211411,76.87137985,-0.02768864,-4.99419790,-186.84537299
24.10,5.19082092,77.21563721,-0.01042905,-4.88954702,-186.16324467
24.16,5.19082092,77.50252914,-0.04162471,-4.88954702,-186.16324467
24.21,5.27098598,77.78942108,-0.07282037,-4.89294887,-185.58625358
24.26,5.27098598,78.06731796,-0.06958754,-4.89294887,-185.58625358
24.30,5.38085040,78.34521484,-0.06635471,-4.82922969,-185.03112574
24.36,5.42867373,78.65552139,-0.02689561,-4.68708985,-184.42477562
24.41,5.42867373,78.96582794,0.01256348,-4.68708985,-184.42477562
24.46,5.42867373,79.19103622,-0.01951614,-4.68708985,-184.42477562
24.50,5.46253144,79.41624451,-0.05159575,-4.70388827,-183.97027653
24.55,5.46253144,79.68947220,-0.02903024,-4.70388827,-183.97027653
24.60,5.41241998,79.96269989,-0.00646472,-4.60156085,-183.42830300
24.65,5.41241998,80.21913528,0.00271402,-4.60156085,-183.42830300
24.70,5.47005355,80.47557068,0.01189275,-4.52955468,-182.92804415
24.76,5.47005355,80.72733307,0.00661725,-4.52955468,-182.92804415
24.80,5.52947182,80.97909546,0.00134175,-4.48629020,-182.42551993
24.86,5.52947182,81.31163788,-0.01085578,-4.48629020,-182.42551993
24.90,5.57168519,81.64418030,-0.02305331,-4.43781187,-181.75585877
24.96,5.57168519,81.94452667,-0.00914811,-4.43781187,-181.75585877
25.00,5.58122439,82.24487305,0.00475710,-4.34519205,-181.16529496
25.05,5.64150148,82.49663162,-0.01323448,-4.32589082,-180.65840106
25.10,5.64150148,82.74839020,-0.03122606,-4.32589082,-180.65840106
25.16,5.64150148,83.05361557,-0.03961189,-4.32589082,-180.65840106
25.20,5.68861441,83.35884094,-0.04799773,-4.27753400,-180.05018833
25.26,5.68861441,83.65256119,-0.04552771,-4.27753400,-180.05018833
25.31,5.73718802,83.94628143,-0.04305768,-4.21160857,-179.46859617
25.36,5.73718802,84.18709946,-0.03906295,-4.21160857,-179.46859617
25.41,5.77798616,84.42791748,-0.03506821,-4.15545435,-178.98954523
25.46,5.77798616,84.70700073,-0.01771707,-4.15545435,-178.98954523
25.50,5.81275645,84.98608398,-0.00036593,-4.06593022,-178.43812579
25.56,5.81275645,85.22982788,-0.05607784,-4.06593022,-178.43812579
25.61,5.80785226,85.47357178,-0.11178976,-4.12922829,-177.94060247
25.66,5.80785226,85.79734039,-0.07330692,-4.12922829,-177.94060247
25.71,5.88994302,86.12110901,-0.03482408,-3.98969878,-177.30413460
25.76,5.88994302,86.33676147,-0.05366934,-3.98969878,-177.30413460
25.81,5.89915169,86.55241394,-0.07251460,-3.98491763,-176.87073593
25.86,5.89915169,86.90740585,-0.04811960,-3.98491763,-176.87073593
25.91,5.75008157,87.26239777,-0.02372460,-3.86720241,-176.17060777
25.96,5.75008157,87.51123047,-0.03113473,-3.86720241,-176.17060777
26.01,5.61983144,87.76006317,-0.03854486,-3.83369894,-175.67175404
26.06,5.61983144,87.95599365,-0.02341957,-3.83369894,-175.67175404
26.11,5.66633149,88.15192413,-0.00829428,-3.76605380,-175.28437563
26.16,5.69577965,88.62498856,0.00844691,-3.64470382,-174.34418300
26.21,5.69577965,89.09805298,0.02518811,-3.64470382,-174.34418300
26.26,5.75523441,89.39274597,0.02171178,-3.59882240,-173.75731139
26.31,5.75523441,89.68743896,0.01823546,-3.59882240,-173.75731139
26.36,5.75523441,90.07365799,0.03265909,-3.59882240,-173.75731139
26.41,5.81424332,90.45987701,0.04708273,-3.50216091,-172.99337448
26.46,5.81424332,90.71358490,0.02954868,-3.50216091,-172.99337448
26.51,5.87916692,90.96729279,0.01201463,-3.49288576,-172.48294108
26.56,5.87916692,91.27739716,-0.00756251,-3.49288576,-172.48294108
26.61,5.92427302,91.58750153,-0.02713965,-3.47945156,-171.86225781
26.66,6.02555265,91.87906647,0.01579633,-3.34487247,-171.28878578
26.71,6.02555265,92.17063141,0.05873230,-3.34487247,-171.28878578
26.76,6.02555265,92.53948975,0.06553257,-3.34487247,-171.28878578
26.81,6.13400508,92.90834808,0.07233283,-3.27054940,-170.55446830
26.86,6.13400508,93.14623642,0.11362083,-3.27054940,-170.55446830
26.90,6.24627293,93.38412476,0.15490884,-3.14938212,-170.08628429
26.96,6.40790869,93.74106979,0.08269934,-3.23553287,-169.36344934
27.00,6.40790869,94.09801483,0.01048985,-3.23553287,-169.36344934
27.06,6.40790869,94.42002869,0.04625903,-3.23553287,-169.36344934
27.10,6.49331035,94.74204254,0.08202821,-3.11242371,-168.72849713
27.16,6.60368679,95.13216400,0.10965621,-2.99442094,-167.95273480
27.21,6.60368679,95.52228546,0.13728422,-2.99442094,-167.95273480
27.26,6.69505775,95.90557861,0.17625666,-2.85531509,-167.19465155
27.31,6.69505775,96.28887177,0.21522911,-2.85531509,-167.19465155
27.35,6.69505775,96.72777939,0.18525235,-2.85531509,-167.19465155
27.40,6.90176478,97.16668701,0.15527558,-2.84504174,-166.31672541
27.46,7.03361045,97.57360077,0.18984056,-2.71134319,-165.51000691
27.51,7.03361045,97.98051453,0.22440554,-2.71134319,-165.51000691
27.56,7.03361045,98.33160019,0.22743922,-2.71134319,-165.51000691
27.61,7.11734655,98.68268585,0.23047291,-2.64992550,-164.81194699
27.66,7.11734655,99.04743576,0.22519805,-2.64992550,-164.81194699
27.70,7.22077174,99.41218567,0.21992318,-2.60273820,-164.08368471
27.76,7.22077174,99.80620956,0.26895618,-2.60273820,-164.08368471
27.81,7.36029098,100.20023346,0.31798917,-2.44230437,-163.30275133
27.86,7.53809845,100.59640884,0.33752044,-2.33993822,-162.51713047
27.91,7.53809845,100.99258423,0.35705170,-2.33993822,-162.51713047
27.96,7.75920111,101.49004745,0.40317614,-2.16713999,-161.53543704
28.01,7.75920111,101.98751068,0.44930059,-2.16713999,-161.53543704
28.06,7.75920111,102.26833725,0.45426872,-2.16713999,-161.53543704
28.11,7.75139903,102.54916382,0.45923686,-2.11093349,-160.97691729
28.16,7.75139903,102.94904327,0.43498179,-2.11093349,-160.97691729
28.21,7.78271044,103.34892273,0.41072673,-2.09289387,-160.17577996
28.26,7.78271044,103.90200043,0.47849789,-2.09289387,-160.17577996
28.30,7.72081280,104.45507812,0.54626906,-1.86563375,-159.08293945
28.36,7.72081280,104.85886002,0.57418445,-1.86563375,-159.08293945
28.41,7.79833633,105.26264191,0.60209984,-1.74307392,-158.28325499
28.46,7.79833633,105.96794891,0.60946709,-1.74307392,-158.28325499
28.51,8.15348611,106.67325592,0.61683434,-1.61023559,-156.87964450
28.56,8.15348611,107.14534378,0.67184454,-1.61023559,-156.87964450
28.61,8.29221583,107.61743164,0.72685474,-1.41942775,-155.95365357
28.66,8.35877489,107.99779510,0.74641612,-1.31356180,-155.19969799
28.71,8.35877489,108.37815857,0.76597750,-1.31356180,-155.19969799
28.76,8.35877489,108.78681946,0.78484270,-1.31356180,-155.19969799
28.80,8.40351864,109.19548035,0.80370790,-1.20327886,-154.38718478
28.86,8.40351864,109.59165955,0.87477487,-1.20327886,-154.38718478
28.91,8.58310591,109.98783875,0.94584185,-0.99120484,-153.61044911
28.96,8.58310591,110.55925369,0.98803052,-0.99120484,-153.61044911
29.01,8.74529108,111.13066864,1.03021920,-0.80587880,-152.47981457
29.06,8.74529108,111.57856750,1.05806053,-0.80587880,-152.47981457
29.10,8.91404639,112.02646637,1.08590186,-0.67125494,-151.59159145
29.16,9.01135886,112.39218521,1.16548377,-0.44791281,-150.87694771
29.20,9.01135886,112.75790405,1.24506569,-0.44791281,-150.87694771
29.26,9.08906826,113.05239868,1.20927280,-0.46683629,-150.28531691
29.31,9.08906826,113.34689331,1.17347991,-0.46683629,-150.28531691
29.36,9.08906826,113.99657822,1.30108285,-0.46683629,-150.28531691
29.40,9.06149850,114.64626312,1.42868578,-0.09529053,-149.02085057
29.46,9.06149850,114.94367981,1.38087535,-0.09529053,-149.02085057
29.50,9.22696249,115.24109650,1.33306491,-0.13552559,-148.42249297
29.56,9.22696249,115.85370255,1.46037072,-0.13552559,-148.42249297
29.61,9.22791028,116.46630859,1.58767653,0.23514126,-147.22604627
29.66,9.26718663,116.88862991,1.64321184,0.42742306,-146.40114012
29.70,9.26718663,117.31095123,1.69874716,0.42742306,-146.40114012
29.76,9.26718663,117.78596497,1.76000309,0.42742306,-146.40114012
29.80,9.27351790,118.26097870,1.82125902,0.64287750,-145.46511765
29.86,9.27351790,118.71842957,1.90586644,0.64287750,-145.46511765
29.90,9.27667830,119.17588043,1.99047387,0.90132112,-144.57222857
29.96,9.34414428,119.53108215,1.96138984,0.91340259,-143.85950716
30.01,9.34414428,119.88628387,1.93230581,0.91340259,-143.85950716
30.06,9.34414428,120.33787537,1.99364889,0.91340259,-143.85950716
30.11,9.40029510,120.78946686,2.05499196,1.12468426,-142.97439225
30.16,9.32036498,121.32205200,2.13952410,1.39866087,-141.93620566
30.21,9.32036498,121.85463715,2.22405624,1.39866087,-141.93620566
30.26,9.30114266,122.24573517,2.22559404,1.47984418,-141.15508884
30.30,9.30114266,122.63683319,2.22713184,1.47984418,-141.15508884
30.35,9.22504910,123.08549881,2.28112400,1.67580044,-140.26826861
30.40,9.22504910,123.53416443,2.33511615,1.67580044,-140.26826861
30.46,9.22504910,124.09212494,2.41807199,1.67580044,-140.26826861
30.51,9.20810186,124.65008545,2.50102782,1.94905983,-139.17347590
30.56,9.20810186,124.97482681,2.52178550,1.94905983,-139.17347590
30.61,9.17058613,125.29956818,2.54254317,2.05318946,-138.53657742
30.66,9.17058613,125.81166458,2.58676171,2.05318946,-138.53657742
30.70,9.29004696,126.32376099,2.63098025,2.24279362,-137.53022455
30.76,9.29004696,126.72266388,2.68438876,2.24279362,-137.53022455
30.81,9.00899068,127.12156677,2.73779726,2.42961823,-136.74544573
30.86,9.00899068,127.43968201,2.81526566,2.42961823,-136.74544573
30.91,9.01048563,127.75779724,2.89273405,2.64737253,-136.12891000
30.96,9.01048563,128.40357208,2.91338193,2.64737253,-136.12891000
31.01,8.95410526,129.04934692,2.93402982,2.81704008,-134.84411211
31.06,8.95410526,129.49216461,2.98750556,2.81704008,-134.84411211
31.11,8.92506974,129.93498230,3.04098129,3.01072021,-133.96956981
31.16,8.92506974,130.40999603,3.07607222,3.01072021,-133.96956981
31.20,8.83904586,130.88500977,3.11116314,3.17298176,-133.03058851
31.26,8.83904586,131.33271027,3.16009974,3.17298176,-133.03058851
31.30,8.86842245,131.78041077,3.20903635,3.35699983,-132.14343798
31.36,8.86842245,132.24176025,3.22910964,3.35699983,-132.14343798
31.40,8.94070362,132.70310974,3.24918294,3.48491847,-131.22404549
31.45,8.94070362,133.09420776,3.27414739,3.48491847,-131.22404549
31.50,8.75340668,133.48530579,3.29911184,3.60844277,-130.44180864
31.56,8.75340668,133.97398376,3.30326450,3.60844277,-130.44180864
31.60,8.73576351,134.46266174,3.30741715,3.70671483,-129.46610593
31.65,8.73576351,134.85375214,3.33835089,3.70671483,-129.46610593
31.71,8.73669337,135.24484253,3.36928463,3.83958971,-128.68685724
31.76,8.73669337,135.69400024,3.40465879,3.83958971,-128.68685724
31.80,8.65224103,136.14315796,3.44003296,3.99052091,-127.79527771
31.86,8.65224103,136.68111420,3.45637643,3.99052091,-127.79527771
31.90,8.57896920,137.21907043,3.47271991,4.11836281,-126.72746482
31.96,8.57896920,137.55133057,3.52408731,4.11836281,-126.72746482
32.00,8.56170974,137.88359070,3.57545471,4.27966571,-126.07538293
32.06,8.56170974,138.28688812,3.58474910,4.27966571,-126.07538293
32.10,8.41611387,138.69018555,3.59404349,4.37004751,-125.27584696
32.16,8.41611387,139.22374725,3.65566850,4.37004751,-125.27584696
32.20,8.35855964,139.75730896,3.71729350,4.58851623,-124.22717285
32.26,8.35855964,140.12937927,3.71100903,4.58851623,-124.22717285
32.31,8.36673531,140.50144958,3.70472455,4.64314130,-123.48356588
32.35,8.36673531,141.00085449,3.69448853,4.64314130,-123.48356588
32.40,8.35733270,141.50025940,3.68425250,4.71234490,-122.47938718
32.46,8.35733270,141.87281799,3.71122372,4.71234490,-122.47938718
32.51,8.35780139,142.24537659,3.73819494,4.83189453,-121.73155660
32.55,8.35780139,142.70282745,3.74117303,4.83189453,-121.73155660
32.61,8.35369395,143.16027832,3.74415112,4.91593851,-120.81472382
32.66,8.35369395,143.54035950,3.74210036,4.91593851,-120.81472382
32.70,8.40541213,143.92044067,3.74004960,4.97534423,-120.05673327
32.75,8.40541213,144.37983704,3.73713660,4.97534423,-120.05673327
32.81,8.53311316,144.83923340,3.73422360,5.04604047,-119.13778158
32.85,8.53311316,145.27278137,3.75028408,5.04604047,-119.13778158
32.91,8.49244537,145.70632935,3.76634455,5.14973752,-118.27372013
32.96,8.49244537,146.17548370,3.78532898,5.14973752,-118.27372013
33.00,8.47854304,146.64463806,3.80431342,5.26457575,-117.33749939
33.05,8.47854304,147.10550690,3.79818535,5.26457575,-117.33749939
33.10,8.59379700,147.56637573,3.79205728,5.32694665,-116.41171147
33.16,8.59379700,147.99162292,3.77337134,5.32694665,-116.41171147
33.20,8.56611353,148.41687012,3.75468540,5.35729286,-115.55457455
33.26,8.56611353,148.85480499,3.74530089,5.35729286,-115.55457455
33.30,8.58900147,149.29273987,3.73591638,5.40670452,-114.68103096
33.36,8.58900147,149.73555756,3.73448610,5.40670452,-114.68103096
33.40,8.69980922,150.17837524,3.73305583,5.47261093,-113.80179588
33.46,8.69980922,150.68559265,3.72840166,5.47261093,-113.80179588
33.50,8.82607367,151.19281006,3.72374749,5.54348495,-112.79418710
33.55,8.82607367,151.68148804,3.70907140,5.54348495,-112.79418710
33.61,8.88010141,152.17016602,3.69439530,5.59250803,-111.82531952
33.66,8.88010141,152.60927582,3.67716610,5.59250803,-111.82531952
33.71,8.90164301,153.04838562,3.65993690,5.63031901,-110.94747921
33.75,8.90164301,153.51754761,3.65172946,5.63031901,-110.94747921
33.80,8.97596773,153.98670959,3.64352202,5.69240331,-110.01826347
33.86,8.97596773,154.49148560,3.62506175,5.69240331,-110.01826347
33.91,9.05574386,154.99626160,3.60660148,5.74215660,-109.01823218
33.96,9.05574386,155.50201416,3.57440853,5.74215660,-109.01823218
34.01,9.16682040,156.00776672,3.54221559,5.76646200,-108.00743962
34.06,9.16682040,156.49449158,3.51640248,5.76646200,-108.00743962
34.11,9.26210073,156.98121643,3.49058938,5.80046984,-107.03262093
34.16,9.26210073,157.37084961,3.49877715,5.80046984,-107.03262093
34.20,8.88090265,157.76048279,3.50696492,5.88526449,-106.26058453
34.26,8.88090265,158.21012878,3.49838912,5.88526449,-106.26058453
34.30,9.09450583,158.65977478,3.48981333,5.94777917,-105.36913600
34.36,9.09450583,159.23285675,3.46340001,5.94777917,-105.36913600
34.40,9.36283002,159.80593872,3.43698668,5.99839731,-104.22599831
34.46,9.36283002,160.22679901,3.43475950,5.99839731,-104.22599831
34.50,9.37810785,160.64765930,3.43253231,6.07044568,-103.38992373
34.56,9.37810785,161.16072845,3.37134326,6.07044568,-103.38992373
34.61,9.46965717,161.67379761,3.31015420,6.04264237,-102.35881958
34.66,9.46965717,162.14149475,3.30099618,6.04264237,-102.35881958
34.70,9.54828676,162.60919189,3.29183817,6.11081939,-101.43008093
34.76,9.54828676,163.11836243,3.24878252,6.11081939,-101.43008093
34.80,9.61881480,163.62753296,3.20572686,6.12046416,-100.41098620
34.86,9.61881480,164.06790924,3.14296031,6.12046416,-100.41098620
34.91,9.84617508,164.50828552,3.08019376,6.07856178,-99.52654128
34.96,9.84617508,165.14235687,3.07009542,6.07856178,-99.52654128
35.01,9.79456419,165.77642822,3.05999708,6.17988150,-98.26586625
35.06,9.91763878,166.18411255,2.99524987,6.13025170,-97.44945846
35.10,9.91763878,166.59179688,2.93050265,6.13025170,-97.44945846
35.16,9.91763878,167.16829681,2.88166010,6.13025170,-97.44945846
35.20,9.91492844,167.74479675,2.83281755,6.14794568,-96.29573896
35.26,9.99479665,168.27299500,2.76388633,6.11680617,-95.22945878
35.30,9.99479665,168.80119324,2.69495511,6.11680617,-95.22945878
35.36,9.99479665,169.26693726,2.65223801,6.11680617,-95.22945878
35.41,10.04809231,169.73268127,2.60952091,6.12474149,-94.29306882
35.46,10.04809231,170.15646362,2.56304634,6.12474149,-94.29306882
35.50,9.76409883,170.58024597,2.51657176,6.11692340,-93.44329001
35.56,9.91498617,171.08454132,2.45766628,6.10160546,-92.43201084
35.60,9.91498617,171.58883667,2.39876080,6.10160546,-92.43201084
35.66,9.91498617,172.33365631,2.37417185,6.10160546,-92.43201084
35.71,10.04292061,173.07847595,2.34958291,6.20439252,-90.94280843
35.75,10.04292061,173.31198120,2.26673555,6.20439252,-90.94280843
35.80,9.57510937,173.54548645,2.18388820,6.08669853,-90.45711298
35.85,9.57510937,174.25543213,2.11106944,6.08669853,-90.45711298
35.91,9.68469166,174.96537781,2.03825068,6.08243167,-89.02714314
35.96,9.68469166,175.42745972,1.98513043,6.08243167,-89.02714314
36.00,9.56222990,175.88954163,1.93201017,6.06714028,-88.09533855
36.06,9.56222990,176.39456177,1.88673908,6.06714028,-88.09533855
36.10,9.50967623,176.89958191,1.84146798,6.07578298,-87.08226333
36.16,9.40726762,177.66299438,1.82930779,6.20218678,-85.56107681
36.20,9.40726762,178.42640686,1.81714761,6.20218678,-85.56107681
36.26,9.40726762,178.50056458,1.76271552,6.20218678,-85.56107681
36.31,9.07600232,178.57472229,1.70828342,6.10846610,-85.40256662
36.35,9.13169024,179.48255157,1.62888569,6.12865376,-83.58546500
36.40,9.13169024,180.39038086,1.54948795,6.12865376,-83.58546500
36.46,9.13169024,180.95223999,1.53967166,6.12865376,-83.58546500
36.51,9.09103001,181.51409912,1.52985537,6.22361133,-82.47167422
36.56,8.88901743,181.95789337,1.47772884,6.21299693,-81.57363894
36.60,8.88901743,182.40168762,1.42560232,6.21299693,-81.57363894
36.66,8.88901743,182.89767456,1.34093004,6.21299693,-81.57363894
36.70,8.70765716,183.39366150,1.25625777,6.14514193,-80.55977968
36.76,8.70765716,183.49100494,1.20864153,6.14514193,-80.55977968
36.80,8.50225178,183.58834839,1.16102529,6.06878524,-80.35719407
36.86,8.50225178,184.45397186,1.11612427,6.06878524,-80.35719407
36.91,8.37620014,185.31959534,1.07122326,6.13932426,-78.62063724
36.96,8.37620014,185.75971985,1.05011970,6.13932426,-78.62063724
37.00,8.30482864,186.19984436,1.02901614,6.17694940,-77.73766355
37.06,8.30482864,186.56479645,1.01097900,6.17694940,-77.73766355
37.11,8.12071894,186.92974854,0.99294186,6.20557800,-77.00728254
37.15,8.12071894,187.52600861,0.91835576,6.20557800,-77.00728254
37.20,8.12661481,188.12226868,0.84376967,6.15912661,-75.80216116
37.26,8.12661481,188.39871216,0.86494809,6.15912661,-75.80216116
37.31,7.93911279,188.67515564,0.88612652,6.24711827,-75.25379152
37.36,7.89566650,188.84420776,0.85276604,6.20853748,-74.91125328
37.40,7.89566650,189.01325989,0.81940556,6.20853748,-74.91125328
37.46,7.89566650,189.42411804,0.79757273,6.20853748,-74.91125328
37.50,7.88215395,189.83497620,0.77573991,6.23293111,-74.08815976
37.55,7.88215395,190.30462646,0.74836832,6.23293111,-74.08815976
37.60,7.99672027,190.77427673,0.72099674,6.25554975,-73.14718556
37.66,8.09187243,191.21465302,0.70735446,6.29966785,-72.26580639
37.71,8.09187243,191.65502930,0.69371217,6.29966785,-72.26580639
37.76,8.09187243,192.13882446,0.68713787,6.29966785,-72.26580639
37.81,8.27682112,192.62261963,0.68056357,6.36338211,-71.29925376
37.86,8.27682112,193.41871643,0.65965983,6.36338211,-71.29925376
37.90,8.40278595,194.21481323,0.63875610,6.44666639,-69.70959395
37.96,8.41578397,194.69031525,0.62712443,6.49916365,-68.76111727
38.01,8.41578397,195.16581726,0.61549276,6.49916365,-68.76111727
38.06,8.41578397,195.63298798,0.53396679,6.49916365,-68.76111727
38.10,8.59846492,196.10015869,0.45244083,6.41326100,-67.81676617
38.16,8.59846492,196.26364899,0.49860780,6.41326100,-67.81676617
38.21,8.62000927,196.42713928,0.54477477,6.53240482,-67.49873611
38.26,8.73752283,197.04534912,0.57990357,6.70454208,-66.27125202
38.31,8.73752283,197.66355896,0.61503237,6.70454208,-66.27125202
38.35,8.73752283,198.10295868,0.60611528,6.70454208,-66.27125202
38.40,8.80679030,198.54235840,0.59719819,6.75824128,-65.39433276
38.46,8.80679030,198.81705475,0.56421873,6.75824128,-65.39433276
38.50,8.74623812,199.09175110,0.53123927,6.73702590,-64.84136673
38.56,8.74623812,199.62571716,0.48255427,6.73702590,-64.84136673
38.60,8.86528790,200.15968323,0.43386927,6.72984266,-63.77172776
38.66,8.86528790,200.62965393,0.54064415,6.72984266,-63.77172776
38.70,9.18436417,201.09962463,0.64741904,7.02523322,-62.85402027
38.76,9.18436417,201.50438690,0.52934600,7.02523322,-62.85402027
38.81,9.18212336,201.90914917,0.41127297,6.86054596,-62.02661907
38.86,9.18212336,202.23912811,0.50229679,6.86054596,-62.02661907
38.91,9.10170648,202.56910706,0.59332061,7.09896323,-61.38453335
38.96,9.04060421,203.02522278,0.67169192,7.33440932,-60.49153879
39.00,9.04060421,203.48133850,0.75006324,7.33440932,-60.49153879
39.06,9.04060421,203.94464111,0.69128525,7.33440932,-60.49153879
39.10,8.96651156,204.40794373,0.63250726,7.30079672,-59.56055697
39.16,8.72597793,204.74691772,0.50601800,7.11187647,-58.86209859
39.20,8.72597793,205.08589172,0.37952873,7.11187647,-58.86209859
39.26,8.72597793,205.45856476,0.46396734,7.11187647,-58.86209859
39.31,8.56315156,205.83123779,0.54840595,7.34689134,-58.13355694
39.36,8.56315156,206.29467010,0.57286242,7.34689134,-58.13355694
39.40,8.65906687,206.75810242,0.59731889,7.47334303,-57.20876453
39.46,8.45851581,207.13138580,0.53200012,7.39987979,-56.44934926
39.50,8.45851581,207.50466919,0.46668136,7.39987979,-56.44934926
39.56,8.37431019,207.92503357,0.50697908,7.53807622,-55.61141281
39.61,8.37431019,208.34539795,0.54727679,7.53807622,-55.61141281
39.66,8.37431019,208.70132446,0.60966763,7.53807622,-55.61141281
39.70,8.25423598,209.05725098,0.67205846,7.70663121,-54.90881147
39.76,8.25423598,209.46688843,0.66617242,7.70663121,-54.90881147
39.80,8.13640872,209.87652588,0.66028637,7.74399633,-54.08905060
39.86,8.13640872,210.31348419,0.61889121,7.74399633,-54.08905060
39.91,8.09652585,210.75044250,0.57749605,7.71492877,-53.21290586
39.96,8.09652585,211.11848450,0.68834293,7.71492877,-53.21290586
40.00,8.05697181,211.48652649,0.79918981,7.98300348,-52.49537096
40.06,7.90859990,211.80012512,0.81893474,8.06381197,-51.87235424
40.10,7.90859990,212.11372375,0.83867967,8.06381197,-51.87235424
40.16,7.90859990,212.56166077,0.79273865,8.06381197,-51.87235424
40.20,7.75653786,213.00959778,0.74679762,8.03498987,-50.97575582
40.26,7.57588753,213.37032318,0.77255103,8.14039482,-50.26494150
40.30,7.57588753,213.73104858,0.79830444,8.14039482,-50.26494150
40.35,7.57588753,214.12934113,0.74771434,8.14039482,-50.26494150
40.41,7.58690160,214.52763367,0.69712424,8.10255126,-49.46774710
40.46,7.53206441,214.90774536,0.63991782,8.05204994,-48.70275509
40.50,7.53206441,215.28785706,0.58271140,8.05204994,-48.70275509
40.56,7.42964113,215.67086792,0.66477096,8.28232196,-47.95388770
40.60,7.42964113,216.05387878,0.74683052,8.28232196,-47.95388770
40.66,7.44307134,216.33434296,0.70610482,8.25061251,-47.38922171
40.71,7.44307134,216.61480713,0.66537911,8.25061251,-47.38922171
40.75,7.44307134,216.95954895,0.78171292,8.25061251,-47.38922171
40.81,7.44638262,217.30429077,0.89804673,8.54357186,-46.72432411
40.86,7.36610463,217.74552155,0.74516621,8.31831008,-45.81904788
40.90,7.36610463,218.18675232,0.59228569,8.31831008,-45.81904788
40.96,7.34245030,218.60463715,0.79558942,8.79963161,-45.02381355
41.00,7.34245030,219.02252197,0.99889314,8.79963161,-45.02381355
41.06,7.34245030,219.41490173,0.87969109,8.79963161,-45.02381355
41.10,7.26477340,219.80728149,0.76048905,8.63539979,-44.22238314
41.15,7.26477340,220.19636536,0.73877847,8.63539979,-44.22238314
41.21,7.44739582,220.58544922,0.71706790,8.66628922,-43.44603140
41.26,7.44739582,220.87319183,0.82102215,8.66628922,-43.44603140
41.31,7.42309657,221.16093445,0.92497641,8.92904010,-42.89348671
41.36,7.42309657,221.52030945,0.86442944,8.92904010,-42.89348671
41.41,7.28890502,221.87968445,0.80388248,8.87880225,-42.16701998
41.45,7.28890502,222.21601868,0.86008415,8.87880225,-42.16701998
41.50,7.25168726,222.55235291,0.91628581,9.05604513,-41.50700877
41.56,7.25168726,222.94924164,0.96129414,9.05604513,-41.50700877
41.60,7.11124774,223.34613037,1.00630248,9.22188552,-40.72431362
41.66,7.11124774,223.63880920,0.99306807,9.22188552,-40.72431362
41.70,7.05758173,223.93148804,0.97983366,9.25119424,-40.13910164
41.76,7.05758173,224.30612183,0.95174754,9.25119424,-40.13910164
41.81,6.96119007,224.68075562,0.92366141,9.26675385,-39.38870222
41.86,6.96119007,225.10496521,0.94272184,9.26675385,-39.38870222
41.90,6.91728401,225.52917480,0.96178228,9.38625716,-38.54884207
41.96,6.91728401,225.86403656,0.96629533,9.38625716,-38.54884207
42.00,6.84138173,226.19889832,0.97080839,9.46007246,-37.88344772
42.06,6.84138173,226.51835632,0.99549329,9.46007246,-37.88344772
42.11,6.75008496,226.83781433,1.02017820,9.57124529,-37.25237742
42.16,6.75008496,227.16816711,0.96069947,9.57124529,-37.25237742
42.20,6.75163778,227.49851990,0.90122074,9.51661411,-36.58135051
42.25,6.75163778,227.81101990,0.90440738,9.51661411,-36.58135051
42.30,6.65709380,228.12351990,0.90759403,9.58244547,-35.95985368
42.36,6.65709380,228.40154266,0.94975173,9.58244547,-35.95985368
42.41,6.68942504,228.67956543,0.99190944,9.71735012,-35.40941137
42.46,6.68942504,229.05139160,1.01012871,9.71735012,-35.40941137
42.50,6.51025591,229.42321777,1.02834797,9.82045883,-34.66932577
42.55,6.50437700,229.77256012,1.07544589,9.97563105,-33.98165672
42.61,6.50437700,230.12190247,1.12254381,9.97563105,-33.98165672
42.66,6.50437700,230.42877197,1.13433152,9.97563105,-33.98165672
42.71,6.43675208,230.73564148,1.14611924,10.05415501,-33.37533102
42.76,6.43675208,231.05184174,1.15404606,10.05415501,-33.37533102
42.80,6.37126786,231.36804199,1.16197288,10.12728544,-32.74967118
42.86,6.37126786,231.65303802,1.20166081,10.12728544,-32.74967118
42.91,6.34461708,231.93803406,1.24134874,10.25912166,-32.18949962
42.96,6.34461708,232.24457550,1.19292635,10.25912166,-32.18949962
43.01,6.11559357,232.55111694,1.14450395,10.21884337,-31.56737137
43.06,6.11559357,233.01417542,1.11344403,10.21884337,-31.56737137
43.11,6.28411867,233.47723389,1.08238411,10.23967019,-30.63423463
43.16,6.30819886,233.72060394,1.14198464,10.40010100,-30.15942497
43.20,6.30819886,233.96397400,1.20158517,10.40010100,-30.15942497
43.26,6.38079118,234.32378387,1.20323348,10.46326220,-29.43739078
43.31,6.38079118,234.68359375,1.20488179,10.46326220,-29.43739078
43.36,6.38079118,235.03453064,1.21709317,10.46326220,-29.43739078
43.41,6.56134515,235.38546753,1.22930455,10.54441734,-28.73668106
43.46,6.50078686,235.69799805,1.23332971,10.60166091,-28.11421449
43.50,6.50078686,236.01052856,1.23735487,10.60166091,-28.11421449
43.56,6.50078686,236.50930023,1.13969028,10.60166091,-28.11421449
43.61,6.56317880,237.00807190,1.04202569,10.48591144,-27.10487393
43.66,6.56317880,237.21955872,1.16085351,10.48591144,-27.10487393
43.70,6.57683918,237.43104553,1.27968132,10.75661676,-26.70459127
43.76,6.57683918,238.01239014,1.25968516,10.75661676,-26.70459127
43.81,6.61112671,238.59373474,1.23968899,10.81163390,-25.54435391
43.86,6.61112671,238.69940186,1.27708995,10.81163390,-25.54435391
43.91,6.59630007,238.80506897,1.31449091,10.90364825,-25.33993595
43.96,6.59630007,239.13898468,1.32168704,10.90364825,-25.33993595
44.01,6.65634542,239.47290039,1.32888317,10.97351331,-24.67820083
44.06,6.65634542,239.81370544,1.34682125,10.97351331,-24.67820083
44.10,6.70775268,240.15451050,1.36475933,11.06690438,-24.00207995
44.16,6.70775268,240.48998260,1.37922144,11.06690438,-24.00207995
44.21,6.76192555,240.82545471,1.39368355,11.15452490,-23.34174694
44.26,6.76192555,241.18871307,1.41166747,11.15452490,-23.34174694
44.30,6.76563451,241.55197144,1.42965138,11.25568788,-22.62749585
44.36,6.76563451,241.87844849,1.44396776,11.25568788,-22.62749585
44.40,6.74138405,242.20492554,1.45828414,11.34463078,-21.98229811
44.46,6.74138405,242.58698273,1.46455061,11.34463078,-21.98229811
44.51,6.67967745,242.96903992,1.47081709,11.42922273,-21.22277178
44.56,6.67967745,243.27487946,1.47863215,11.42922273,-21.22277178
44.61,6.67420433,243.58071899,1.48644722,11.50251062,-20.61525664
44.66,6.63514385,243.91472626,1.48598820,11.56456880,-19.95122291
44.70,6.63514385,244.24873352,1.48552918,11.56456880,-19.95122291
44.76,6.58373190,244.51760101,1.48829657,11.62121804,-19.41643710
44.81,6.58373190,244.78646851,1.49106395,11.62121804,-19.41643710
44.86,6.49590783,245.04845428,1.50151670,11.69185103,-18.89711947
44.91,6.49590783,245.31044006,1.51196945,11.69185103,-18.89711947
44.96,6.49590783,245.55211639,1.52078223,11.69185103,-18.89711947
45.00,6.37048067,245.79379272,1.52959502,11.75544739,-18.41764628
45.06,6.37048067,245.96672821,1.54515457,11.75544739,-18.41764628
45.11,6.25071210,246.13966370,1.56071413,11.81937696,-18.07629998
45.16,6.25071210,246.31908417,1.49702883,11.81937696,-18.07629998
45.20,6.12663588,246.49850464,1.43334353,11.72608056,-17.70129445
45.26,6.12663588,246.49850464,1.43334353,11.72608056,-17.70129445
