0.00,0.00800000,85.20994324,67.64897156,-0.22126478,-6.00698197,-195.66643847
0.06,0.00792023,85.20965579,67.64897156,-0.22114281,-6.00688096,-195.66648330
0.11,0.00756042,85.20799610,67.64897156,-0.22138676,-6.00713813,-195.66661993
0.16,0.00742024,85.20776594,67.64897156,-0.22126478,-6.00698521,-195.66665441
0.21,0.00768375,85.20639236,67.64897156,-0.22102083,-6.00679100,-195.66676360
0.26,0.00778974,85.20679473,67.64897156,-0.22114281,-6.00702176,-195.66795090
0.31,0.00799312,85.20633551,67.64897156,-0.22138676,-6.00721412,-195.66821536
0.36,0.00828070,85.20473143,67.64897156,-0.22102083,-6.00699857,-195.66876783
0.41,0.00842912,85.20421936,67.64897156,-0.22089885,-6.00680434,-195.66897331
0.46,0.00842912,85.20375828,67.64897156,-0.22053292,-6.00642135,-195.66906326
0.51,0.00828070,85.20330089,67.64897156,-0.22041094,-6.00636473,-195.66909069
0.56,0.00806226,85.20358524,67.64897156,-0.22077689,-6.00669861,-195.66894853
0.60,0.00792086,85.20381440,67.64897156,-0.22089885,-6.00683874,-195.66900136
0.66,0.00793977,85.20197990,67.64897156,-0.22102083,-6.00684538,-195.66799707
0.71,0.00773369,85.20186453,67.64897156,-0.22089885,-6.00669442,-195.66765411
0.76,0.00746525,85.20157635,67.64897156,-0.22126478,-6.00700994,-195.66652808
0.81,0.00722011,85.20048734,67.65287781,-0.22175269,-6.00739247,-195.66534563
0.86,0.00707248,85.20077377,67.65287781,-0.22187467,-6.00739071,-195.66490253
0.91,0.00687968,85.20054489,67.65287781,-0.22211862,-6.00763996,-195.66382760
0.96,0.00615873,85.20042926,67.65287781,-0.22260652,-6.00799556,-195.66240662
1.00,0.00583095,85.19968275,67.65287781,-0.22285047,-6.00820141,-195.66183701
1.05,0.00578014,85.19899355,67.65678406,-0.22370431,-6.00885519,-195.66081230
1.10,0.00574543,85.19985305,67.65678406,-0.22443616,-6.00961372,-195.66051194
1.16,0.00574543,85.20065359,67.65678406,-0.22468011,-6.00991489,-195.66039975
1.20,0.00526972,85.19905028,67.65678406,-0.22553395,-6.01068114,-195.66031697
1.26,0.00524309,85.19991170,67.65678406,-0.22577791,-6.01091046,-195.66049460
1.31,0.00522015,85.19916549,67.65678406,-0.22626580,-6.01152376,-195.66071269
1.36,0.00520096,85.19985322,67.65678406,-0.22663173,-6.01192708,-195.66102099
1.41,0.00489183,85.19899384,67.65678406,-0.22711964,-6.01232702,-195.66106983
1.46,0.00496790,85.19887825,67.65678406,-0.22711964,-6.01240959,-195.66103806
1.51,0.00474236,85.19853583,67.65678406,-0.22736359,-6.01256045,-195.66094602
1.56,0.00474236,85.19973889,67.65678406,-0.22736359,-6.01254229,-195.66081128
1.60,0.00468615,85.19847644,67.65678406,-0.22736359,-6.01256656,-195.66079322
1.66,0.00470106,85.19887664,67.65678406,-0.22736359,-6.01261167,-195.66044576
1.70,0.00464004,85.19704187,67.65678406,-0.22736359,-6.01251842,-195.65992545
1.76,0.00458039,85.19824624,67.65678406,-0.22748557,-6.01263717,-195.65956638
1.81,0.00458039,85.19824624,67.65678406,-0.22760755,-6.01270203,-195.65942497
1.86,0.00430116,85.19681441,67.65678406,-0.22772951,-6.01283939,-195.65934221
1.90,0.00424382,85.19652639,67.65678406,-0.22797348,-6.01305125,-195.65880590
1.96,0.00386005,85.19727094,67.65678406,-0.22809544,-6.01312143,-195.65837234
2.01,0.00364005,85.19692716,67.65678406,-0.22809544,-6.01309458,-195.65801547
2.06,0.00324500,85.19738524,67.66068268,-0.22846138,-6.01337854,-195.65702392
2.11,0.00317648,85.19641158,67.66068268,-0.22894928,-6.01377213,-195.65598388
2.16,0.00299666,85.19721256,67.66068268,-0.22931521,-6.01411465,-195.65573426
2.20,0.00299666,85.19721256,67.66068268,-0.22943719,-6.01421264,-195.65559713
2.26,0.00286531,85.19755684,67.66068268,-0.22943719,-6.01416055,-195.65562395
2.31,0.00300167,85.19744017,67.66068268,-0.22968113,-6.01437309,-195.65534052
2.36,0.00313847,85.19801266,67.66068268,-0.22980312,-6.01451168,-195.65515261
2.41,0.00210238,85.19881713,67.66068268,-0.23004706,-6.01474797,-195.65469822
2.46,0.00210238,85.19881713,67.66068268,-0.23004706,-6.01470385,-195.65472263
2.50,0.00174642,85.19830282,67.66068268,-0.23016904,-6.01482654,-195.65443314
2.56,0.00205183,85.19910217,67.66068268,-0.23053497,-6.01513253,-195.65393312
2.60,0.00194165,85.19904526,67.66068268,-0.23090090,-6.01551448,-195.65393924
2.66,0.00162788,85.20047735,67.66458893,-0.23126683,-6.01591865,-195.65370582
2.71,0.00228035,85.19915633,67.66458893,-0.23163275,-6.01625125,-195.65350578
2.76,0.00228035,85.19915633,67.66458893,-0.23187672,-6.01639858,-195.65342020
2.81,0.00218403,85.19915958,67.66458893,-0.23199868,-6.01651695,-195.65333829
2.86,0.00183576,85.19892905,67.66458893,-0.23224264,-6.01682688,-195.65336382
2.90,0.00180278,85.19864377,67.66458893,-0.23260857,-6.01718668,-195.65359068
2.95,0.00180278,85.19979161,67.66068268,-0.23309647,-6.01771917,-195.65401210
3.00,0.00180278,85.19979161,67.66068268,-0.23334043,-6.01799045,-195.65420365
3.06,0.00126491,85.19910407,67.66068268,-0.23358437,-6.01825545,-195.65436582
3.11,0.00100499,85.19956131,67.66068268,-0.23431623,-6.01905315,-195.65476223
3.16,0.00130384,85.20001749,67.66068268,-0.23504809,-6.01978265,-195.65522486
3.21,0.00192354,85.19967268,67.66068268,-0.23565798,-6.02042041,-195.65562802
3.26,0.00300666,85.20007764,67.66068268,-0.23565798,-6.02041461,-195.65566577
3.30,0.00310161,85.20053766,67.66068268,-0.23614588,-6.02107745,-195.65658017
3.35,0.00274591,85.20128414,67.66068268,-0.23675576,-6.02171041,-195.65747951
3.40,0.00287924,85.20179846,67.65678406,-0.23724367,-6.02230224,-195.65868398
3.46,0.00331059,85.20105333,67.65678406,-0.23748761,-6.02259023,-195.65921482
3.51,0.00471275,85.20197179,67.65678406,-0.23809749,-6.02338283,-195.66135311
3.55,0.00471275,85.20197179,67.65287781,-0.23809749,-6.02346647,-195.66194955
3.60,0.00522015,85.20294794,67.65287781,-0.23809749,-6.02354679,-195.66252699
3.65,0.00539351,85.20323446,67.65287781,-0.23821947,-6.02380589,-195.66422844
3.70,0.00543415,85.20323798,67.65287781,-0.23834145,-6.02393352,-195.66497350
3.76,0.00569210,85.20294864,67.65287781,-0.23834145,-6.02403717,-195.66531643
3.80,0.00591354,85.20312134,67.64897156,-0.23846343,-6.02423195,-195.66582732
3.86,0.00651460,85.20352016,67.64897156,-0.23882936,-6.02462787,-195.66597576
3.91,0.00692892,85.20443834,67.64897156,-0.23919529,-6.02500934,-195.66617788
3.96,0.00703847,85.20438194,67.64897156,-0.23980516,-6.02555195,-195.66660013
4.01,0.00676831,85.20518429,67.64897156,-0.24004911,-6.02592467,-195.66727385
4.06,0.00676831,85.20518429,67.64897156,-0.24004911,-6.02594859,-195.66733948
4.10,0.00654905,85.20587202,67.64897156,-0.24017109,-6.02610164,-195.66766888
4.16,0.00659242,85.20650154,67.64897156,-0.24041504,-6.02632774,-195.66822591
4.20,0.00750267,85.20650352,67.64897156,-0.24053702,-6.02658020,-195.66884324
4.26,0.00811542,85.20633142,67.64897156,-0.24102493,-6.02707151,-195.66876165
4.30,0.00826378,85.20610052,67.64897156,-0.24126887,-6.02732282,-195.66874807
4.35,0.00794796,85.20810670,67.64897156,-0.24175678,-6.02779018,-195.66884763
4.40,0.00784347,85.20850744,67.64897156,-0.24212271,-6.02821412,-195.66905153
4.46,0.00834326,85.21022580,67.64897156,-0.24236666,-6.02841453,-195.66907144
4.50,0.00925743,85.21017109,67.64897156,-0.24261062,-6.02867100,-195.66934106
4.56,0.00916788,85.21017983,67.64507294,-0.24309851,-6.02922478,-195.66983959
4.61,0.00832166,85.21167427,67.64507294,-0.24309851,-6.02928527,-195.67013546
4.66,0.00808022,85.21213132,67.64507294,-0.24322049,-6.02935293,-195.67038459
4.71,0.00842200,85.21126558,67.64507294,-0.24334247,-6.02954188,-195.67073636
4.75,0.01020833,85.21217494,67.64507294,-0.24358642,-6.02983633,-195.67099830
4.80,0.01145426,85.21274848,67.64507294,-0.24383038,-6.03012560,-195.67137502
4.86,0.01237134,85.21406823,67.64507294,-0.24395235,-6.03021131,-195.67151769
4.91,0.00975090,85.21310158,67.64116669,-0.24383038,-6.03025417,-195.67351387
4.96,0.00908240,85.21184031,67.64116669,-0.24383038,-6.03032569,-195.67376458
5.00,0.00908240,85.21184031,67.64116669,-0.24395235,-6.03040913,-195.67393192
5.06,0.01024158,85.21320709,67.64116669,-0.24395235,-6.03052587,-195.67439226
5.11,0.01114854,85.21326336,67.64116669,-0.24395235,-6.03051701,-195.67487525
5.16,0.01205529,85.21429659,67.64116669,-0.24383038,-6.03048422,-195.67540785
5.21,0.01176435,85.21263798,67.64116669,-0.24370840,-6.03041072,-195.67591000
5.26,0.01077033,85.21344232,67.64116669,-0.24383038,-6.03046141,-195.67589554
5.30,0.01021421,85.21413026,67.64116669,-0.24395235,-6.03059615,-195.67619690
5.35,0.01054751,85.21407468,67.64116669,-0.24383038,-6.03057508,-195.67663654
5.41,0.01128051,85.21510462,67.64116669,-0.24383038,-6.03059756,-195.67706724
5.45,0.01234382,85.21378422,67.64116669,-0.24407433,-6.03081475,-195.67710018
5.50,0.01256742,85.21401484,67.64116669,-0.24431828,-6.03108212,-195.67721354
5.55,0.01221556,85.21344354,67.63726807,-0.24444026,-6.03119161,-195.67743901
5.61,0.01160776,85.21252790,67.64116669,-0.24419631,-6.03099729,-195.67691715
5.65,0.01112340,85.21247149,67.64116669,-0.24419631,-6.03099958,-195.67699146
5.70,0.01090046,85.21235229,67.63726807,-0.24419631,-6.03101346,-195.67742613
5.76,0.01132166,85.21223965,67.64116669,-0.24419631,-6.03094823,-195.67720826
5.80,0.01132166,85.21223965,67.63726807,-0.24419631,-6.03098804,-195.67731313
5.86,0.01179237,85.21178259,67.63726807,-0.24431828,-6.03105554,-195.67733007
5.91,0.01185116,85.21080831,67.63726807,-0.24468420,-6.03149129,-195.67758603
5.96,0.01171708,85.21092227,67.63726807,-0.24505013,-6.03181164,-195.67754202
6.01,0.01153950,85.20994652,67.63726807,-0.24517211,-6.03203262,-195.67756478
6.06,0.01150391,85.21023195,67.63726807,-0.24529409,-6.03213296,-195.67777485
6.10,0.01149478,85.20931489,67.63726807,-0.24541606,-6.03220901,-195.67787158
6.15,0.01149478,85.20931489,67.63726807,-0.24541606,-6.03223334,-195.67787199
6.20,0.01203329,85.20926296,67.63726807,-0.24566002,-6.03250693,-195.67822410
6.26,0.01220041,85.20788735,67.63726807,-0.24590397,-6.03288997,-195.67885001
6.30,0.01256742,85.20725689,67.63726807,-0.24626990,-6.03329252,-195.67947923
6.36,0.01296919,85.20651292,67.63726807,-0.24639188,-6.03353297,-195.68060170
6.40,0.01296919,85.20651292,67.63726807,-0.24651386,-6.03364672,-195.68083077
6.46,0.01328232,85.20587996,67.63336182,-0.24675781,-6.03395036,-195.68153647
6.50,0.01346588,85.20502029,67.63336182,-0.24700175,-6.03425934,-195.68198706
6.56,0.01361249,85.20370570,67.63336182,-0.24761164,-6.03494927,-195.68283193
6.60,0.01335403,85.20336362,67.63336182,-0.24773361,-6.03506345,-195.68318981
6.66,0.01346588,85.20238933,67.63336182,-0.24773361,-6.03508446,-195.68346938
6.71,0.01346588,85.20238933,67.63336182,-0.24761164,-6.03501736,-195.68350149
6.76,0.01422252,85.20072695,67.62945557,-0.24785559,-6.03528094,-195.68380953
6.80,0.01444507,85.20066846,67.62945557,-0.24822152,-6.03566812,-195.68393964
6.86,0.01444611,85.20152474,67.62945557,-0.24883141,-6.03627375,-195.68464101
6.90,0.01444611,85.20152474,67.62945557,-0.24907535,-6.03656604,-195.68499678
6.96,0.01418520,85.20049605,67.62555695,-0.24968523,-6.03723665,-195.68585674
7.01,0.01450965,85.20032261,67.62555695,-0.25017315,-6.03776041,-195.68611055
7.06,0.01527121,85.20032432,67.62555695,-0.25066105,-6.03825853,-195.68659348
7.10,0.01527121,85.20032432,67.62555695,-0.25066105,-6.03829408,-195.68640384
7.16,0.01558621,85.20347993,67.62555695,-0.25139290,-6.03910015,-195.68700543
7.20,0.01516377,85.20279325,67.62555695,-0.25163686,-6.03941279,-195.68732756
7.26,0.01476482,85.20176257,67.62555695,-0.25224674,-6.03998296,-195.68723187
7.30,0.01489463,85.20216204,67.62555695,-0.25273463,-6.04047411,-195.68758609
7.36,0.01538831,85.20416562,67.62555695,-0.25334451,-6.04111266,-195.68777560
7.41,0.01636368,85.20398915,67.62555695,-0.25407636,-6.04183949,-195.68825805
7.46,0.01738333,85.20364445,67.62555695,-0.25480822,-6.04262886,-195.68829651
7.50,0.01813202,85.20163427,67.62555695,-0.25517416,-6.04294924,-195.68820248
7.55,0.01832157,85.20208629,67.62555695,-0.25566205,-6.04351237,-195.68840758
7.60,0.01816645,85.20214058,67.62555695,-0.25602800,-6.04392313,-195.68835812
7.66,0.01797248,85.20328080,67.62555695,-0.25663787,-6.04452324,-195.68848785
7.71,0.01687602,85.20373903,67.62555695,-0.25736973,-6.04521510,-195.68861683
7.76,0.01400143,85.20649218,67.62555695,-0.25749171,-6.04538969,-195.68890527
7.80,0.01276127,85.20798427,67.62555695,-0.25785765,-6.04565231,-195.68848321
7.86,0.01680774,85.21039907,67.62555695,-0.25822356,-6.04605159,-195.68786549
7.91,0.01841738,85.21051781,67.62555695,-0.25858951,-6.04635055,-195.68796637
7.96,0.01855398,85.21160391,67.62555695,-0.25895542,-6.04672823,-195.68800437
8.00,0.01797443,85.21308609,67.62555695,-0.25944331,-6.04727766,-195.68768456
8.06,0.01697115,85.21382263,67.62555695,-0.26005322,-6.04784003,-195.68721164
8.11,0.01542077,85.21432994,67.62555695,-0.26005322,-6.04773896,-195.68615131
8.16,0.01484992,85.21438929,67.62555695,-0.26017520,-6.04779571,-195.68596702
8.21,0.01484992,85.21438929,67.62555695,-0.26005322,-6.04767015,-195.68555885
8.26,0.01464138,85.21485297,67.62555695,-0.25993124,-6.04756586,-195.68548589
8.30,0.01482228,85.21881358,67.62555695,-0.25968727,-6.04726489,-195.68529492
8.36,0.01534471,85.21852875,67.62555695,-0.25944331,-6.04700607,-195.68505843
8.40,0.01573849,85.21841431,67.62555695,-0.25956529,-6.04718211,-195.68530812
8.46,0.01592890,85.21778120,67.62945557,-0.25944331,-6.04703413,-195.68495513
8.50,0.01601125,85.21943590,67.62945557,-0.25944331,-6.04701847,-195.68484151
8.55,0.01597905,85.21995053,67.62945557,-0.25968727,-6.04718716,-195.68482548
8.61,0.01506586,85.21983277,67.62945557,-0.25944331,-6.04689822,-195.68455496
8.66,0.01435444,85.21960792,67.62945557,-0.25932136,-6.04688402,-195.68467274
8.70,0.01355950,85.22264718,67.62945557,-0.25895542,-6.04637201,-195.68421786
8.76,0.01313697,85.22184596,67.62945557,-0.25846753,-6.04587152,-195.68381216
8.81,0.01358713,85.22230435,67.62945557,-0.25761369,-6.04490541,-195.68262201
8.86,0.01411134,85.22275961,67.62945557,-0.25749171,-6.04476844,-195.68184269
8.91,0.01419930,85.22287382,67.62945557,-0.25749171,-6.04469592,-195.68143802
8.96,0.01380580,85.22264282,67.62945557,-0.25736973,-6.04461727,-195.68167146
9.01,0.01318256,85.22361630,67.62945557,-0.25700381,-6.04421562,-195.68183849
9.06,0.01231747,85.22373104,67.62945557,-0.25651589,-6.04380608,-195.68191685
9.10,0.01131459,85.22401998,67.62945557,-0.25578403,-6.04297364,-195.68168722
9.16,0.01126987,85.22425004,67.63336182,-0.25493020,-6.04205742,-195.68103810
9.20,0.01168461,85.22459557,67.62945557,-0.25493020,-6.04215711,-195.68124097
9.26,0.01204159,85.22385284,67.63336182,-0.25419834,-6.04137911,-195.68065185
9.30,0.01198541,85.22339484,67.63336182,-0.25371045,-6.04086692,-195.68030671
9.36,0.01122007,85.22270470,67.63336182,-0.25297859,-6.04000095,-195.67945432
9.41,0.01122007,85.22270470,67.63336182,-0.25310057,-6.04013641,-195.67963689
9.46,0.01090413,85.22356196,67.63336182,-0.25285661,-6.03986538,-195.67934726
9.51,0.01030776,85.22155372,67.63336182,-0.25249070,-6.03945121,-195.67869582
9.56,0.00997296,85.22172759,67.63336182,-0.25212476,-6.03903696,-195.67829554
9.60,0.00979898,85.22173003,67.63336182,-0.25188079,-6.03878366,-195.67811767
9.66,0.00961769,85.22104269,67.63336182,-0.25127092,-6.03808585,-195.67789687
9.71,0.00934933,85.21989696,67.63336182,-0.25029510,-6.03713094,-195.67731595
9.76,0.00898888,85.21966592,67.63726807,-0.24980721,-6.03657915,-195.67674707
9.80,0.00898888,85.21966592,67.63726807,-0.24992919,-6.03668038,-195.67690090
9.85,0.00876641,85.21972194,67.63726807,-0.24956326,-6.03634074,-195.67656763
9.91,0.00843090,85.21823159,67.63726807,-0.24907535,-6.03580090,-195.67614562
9.95,0.00826378,85.21857762,67.63726807,-0.24907535,-6.03583239,-195.67622327
10.01,0.00813449,85.21863441,67.63726807,-0.24907535,-6.03579188,-195.67638544
10.06,0.00798499,85.21863797,67.63726807,-0.24883141,-6.03557549,-195.67619118
10.10,0.00801124,85.21886521,67.63726807,-0.24883141,-6.03555670,-195.67621716
10.16,0.00796053,85.21800323,67.64116669,-0.24846546,-6.03521078,-195.67600671
10.21,0.00804984,85.21857421,67.64116669,-0.24822152,-6.03495565,-195.67589751
10.26,0.00801124,85.21616788,67.64116669,-0.24809954,-6.03479476,-195.67574448
10.31,0.00740945,85.21628237,67.64116669,-0.24809954,-6.03470415,-195.67574054
10.36,0.00667308,85.21708563,67.64116669,-0.24797757,-6.03450895,-195.67490893
10.41,0.00635689,85.21685600,67.64116669,-0.24785559,-6.03441124,-195.67440710
10.46,0.00635689,85.21685600,67.64116669,-0.24785559,-6.03427835,-195.67380152
10.50,0.00626259,85.21725703,67.64507294,-0.24773361,-6.03417728,-195.67328268
10.56,0.00590339,85.21714256,67.64507294,-0.24773361,-6.03400405,-195.67193313
10.60,0.00590339,85.21714256,67.64507294,-0.24748966,-6.03381595,-195.67158219
10.66,0.00554707,85.21730911,67.64507294,-0.24748966,-6.03366993,-195.67073192
10.71,0.00478539,85.21627638,67.64507294,-0.24736768,-6.03349552,-195.66987727
10.76,0.00393954,85.21707753,67.64897156,-0.24712373,-6.03318646,-195.66882738
10.80,0.00386264,85.21816544,67.64897156,-0.24700175,-6.03292697,-195.66790016
10.86,0.00371618,85.21787947,67.64897156,-0.24700175,-6.03295568,-195.66797385
10.90,0.00358469,85.21799370,67.64897156,-0.24687979,-6.03277070,-195.66685459
10.96,0.00360694,85.21633303,67.64897156,-0.24687979,-6.03264325,-195.66583155
11.01,0.00361248,85.21679120,67.65287781,-0.24687979,-6.03254731,-195.66476828
11.06,0.00275862,85.21776219,67.65287781,-0.24687979,-6.03247344,-195.66417937
11.11,0.00180278,85.21844959,67.65287781,-0.24687979,-6.03246840,-195.66366868
11.16,0.00160000,85.21942314,67.65287781,-0.24651386,-6.03203015,-195.66285838
11.20,0.00172627,85.21959620,67.65287781,-0.24614793,-6.03160214,-195.66273610
11.26,0.00141421,85.21896771,67.65287781,-0.24578199,-6.03117011,-195.66230980
11.30,0.00142127,85.21954095,67.65287781,-0.24553804,-6.03096888,-195.66193605
11.36,0.00223607,85.21976860,67.65678406,-0.24505013,-6.03037717,-195.66091562
11.41,0.00180278,85.21999243,67.65678406,-0.24480619,-6.03007062,-195.66029473
11.46,0.00110454,85.21993653,67.65678406,-0.24468420,-6.02994676,-195.66002196
11.51,0.00031623,85.21936479,67.65678406,-0.24444026,-6.02963899,-195.65979962
11.56,0.00120000,85.21948214,67.65678406,-0.24383038,-6.02903037,-195.66023795
11.60,0.00100000,85.21919707,67.65678406,-0.24358642,-6.02878481,-195.66016106
11.66,0.00044721,85.21982787,67.65678406,-0.24334247,-6.02858498,-195.66007644
11.71,0.00064031,85.22068615,67.65678406,-0.24322049,-6.02841335,-195.65998390
11.76,0.00094340,85.21936691,67.65678406,-0.24309851,-6.02825878,-195.65988504
11.81,0.00036056,85.22079797,67.65678406,-0.24285457,-6.02809225,-195.66005490
11.86,0.00141421,85.22194017,67.65678406,-0.24273258,-6.02799979,-195.66027372
11.90,0.00200000,85.22354249,67.65678406,-0.24261062,-6.02782917,-195.66047603
11.96,0.00234094,85.22434603,67.65678406,-0.24236666,-6.02765941,-195.66077432
12.01,0.00313050,85.22537909,67.65678406,-0.24212271,-6.02741403,-195.66108912
12.06,0.00341321,85.22601005,67.65287781,-0.24163480,-6.02699927,-195.66170984
12.10,0.00264008,85.22733057,67.65287781,-0.24126887,-6.02657797,-195.66177106
12.16,0.00155242,85.22309078,67.65287781,-0.24065900,-6.02606222,-195.66196303
12.21,0.00133417,85.21655465,67.65287781,-0.24041504,-6.02580254,-195.66219101
12.25,0.00133417,85.21655465,67.65287781,-0.24041504,-6.02582167,-195.66218900
12.31,0.00172627,85.20922032,67.65287781,-0.24017109,-6.02554632,-195.66244884
12.36,0.00222036,85.20732899,67.65287781,-0.23980516,-6.02520685,-195.66228629
12.41,0.00121655,85.20904937,67.65287781,-0.23943923,-6.02481898,-195.66173651
12.46,0.00031623,85.20801795,67.65287781,-0.23931725,-6.02466848,-195.66170970
12.50,0.00070711,85.20561097,67.65287781,-0.23907331,-6.02447387,-195.66166559
12.56,0.00072801,85.20543979,67.65287781,-0.23907331,-6.02436716,-195.66166981
12.61,0.00060000,85.20532208,67.65287781,-0.23870738,-6.02411592,-195.66176470
12.66,0.00072111,85.20612274,67.65287781,-0.23846343,-6.02382472,-195.66194643
12.70,0.00098995,85.20583644,67.65287781,-0.23834145,-6.02367712,-195.66205269
12.76,0.00116619,85.20612343,67.65287781,-0.23785354,-6.02331265,-195.66241850
12.80,0.00161245,85.20663802,67.65287781,-0.23736563,-6.02287614,-195.66293032
12.86,0.02477600,85.20821885,67.65287781,-0.23699971,-6.02249045,-195.66334250
12.91,0.02477600,85.20821885,67.65287781,-0.23699971,-6.02243345,-195.66315422
12.96,0.05975994,85.21280869,67.65287781,-0.23675576,-6.02208982,-195.66224307
13.00,0.08473423,85.21721677,67.65678406,-0.23651181,-6.02171811,-195.66018124
13.06,0.11336887,85.22114665,67.66068268,-0.23638983,-6.02129581,-195.65732726
13.10,0.13694251,85.22263591,67.66458893,-0.23614588,-6.02061325,-195.65229439
13.16,0.17213742,85.22366489,67.67239380,-0.23614588,-6.01984479,-195.64419943
13.20,0.19580462,85.22642068,67.68410492,-0.23602390,-6.01886704,-195.63375397
13.26,0.22542569,85.23398663,67.68800354,-0.23590192,-6.01833686,-195.62978201
13.31,0.24860372,85.24212790,67.69581604,-0.23565798,-6.01707634,-195.61889596
13.36,0.30966190,85.25290693,67.72313690,-0.23517007,-6.01416658,-195.59168875
13.40,0.34011570,85.25708216,67.73874664,-0.23517007,-6.01299577,-195.57907365
13.46,0.36580224,85.26051426,67.75436401,-0.23553599,-6.01180904,-195.56218976
13.50,0.40437998,85.26595379,67.77777863,-0.23565798,-6.00999865,-195.53987666
13.56,0.43874554,85.26836613,67.79729462,-0.23565798,-6.00817778,-195.51969291
13.61,0.46684821,85.26693787,67.81291199,-0.23577994,-6.00670776,-195.50232879
13.66,0.50995738,85.26098460,67.84023285,-0.23590192,-6.00431404,-195.47449110
13.71,0.53847616,85.25106650,67.87145996,-0.23651181,-6.00205559,-195.44319852
13.76,0.57074675,85.23553841,67.88317108,-0.23663378,-6.00115336,-195.43250183
13.81,0.59613435,85.22037257,67.91049194,-0.23712169,-5.99911892,-195.40364370
13.86,0.63330486,85.19658212,67.94952393,-0.23773156,-5.99643497,-195.36714669
13.91,0.66493725,85.17375388,67.98855591,-0.23846343,-5.99363903,-195.32832185
13.96,0.68867247,85.15387348,68.01197815,-0.23870738,-5.99200833,-195.30814072
14.00,0.72415679,85.12380582,68.05101013,-0.23919529,-5.98872536,-195.26596635
14.06,0.74809862,85.10135331,68.07597351,-0.23968127,-5.98644374,-195.23687811
14.10,0.77963947,85.07216751,68.12671661,-0.24016917,-5.98282514,-195.19152185
14.16,0.80408049,85.04848975,68.15013123,-0.24041313,-5.98091652,-195.16802315
14.21,0.84112173,85.01102936,68.20087433,-0.24077906,-5.97682161,-195.11891613
14.26,0.86617925,84.98810996,68.25161743,-0.24114497,-5.97235492,-195.06738384
14.31,0.89602771,84.95863810,68.26722717,-0.24114497,-5.97075124,-195.04926336
14.35,0.92032282,84.93343451,68.31406403,-0.24138893,-5.96681042,-195.00408302
14.41,0.95675493,84.89431619,68.36871338,-0.24163288,-5.96192917,-194.94804405
14.46,0.98114123,84.86664145,68.42726135,-0.24163288,-5.95661993,-194.88956063
14.51,1.01200348,84.83471408,68.44677734,-0.24163288,-5.95485429,-194.87004633
14.56,1.06717454,84.77459788,68.55216217,-0.24090102,-5.94450151,-194.76598246
14.61,1.10214632,84.73202300,68.61851501,-0.24016917,-5.93792689,-194.70147585
14.66,1.12531452,84.70435944,68.66145325,-0.23980325,-5.93351057,-194.65732741
14.71,1.12531452,84.70435944,68.68487549,-0.23955929,-5.93111464,-194.63482471
14.76,1.15484236,84.67101742,68.70829010,-0.23943733,-5.92899781,-194.61244977
14.81,1.20938565,84.62115028,68.84880829,-0.23711979,-5.91366072,-194.47106065
14.86,1.24502559,84.59590830,68.89564514,-0.23577806,-5.90776400,-194.42145107
14.91,1.26791218,84.58153553,68.94638824,-0.23480226,-5.90212884,-194.37110675
14.96,1.28711939,84.56783708,69.00102997,-0.23370449,-5.89644461,-194.32006202
15.01,1.30841349,84.55384593,69.08065033,-0.23212154,-5.88754410,-194.24142196
15.06,1.32467924,84.54512638,69.11968231,-0.23138969,-5.88307526,-194.20155747
15.11,1.34935231,84.53813023,69.19774628,-0.22980399,-5.87407354,-194.12119263
15.16,1.36639630,84.53594698,69.27971649,-0.22846225,-5.86517311,-194.03996241
15.21,1.38735251,84.53685897,69.30703735,-0.22797434,-5.86209562,-194.01234249
15.26,1.40863671,84.53714815,69.37729645,-0.22663260,-5.85442296,-193.94317336
15.30,1.43018842,84.53756423,69.45145416,-0.22565679,-5.84695545,-193.87329759
15.35,1.44735185,84.54002522,69.52171326,-0.22431505,-5.83899647,-193.80205647
15.40,1.47557130,84.54407032,69.60758972,-0.22370516,-5.83033293,-193.71508825
15.46,1.49335267,84.54785538,69.69345856,-0.22309528,-5.82150102,-193.62684939
15.50,1.51466628,84.55266813,69.72468567,-0.22297330,-5.81857633,-193.59726462
15.56,1.53166140,84.55691486,69.79884338,-0.22224145,-5.81099151,-193.52233013
15.60,1.55596959,84.56373411,69.89252472,-0.22199748,-5.80226476,-193.43084744
15.66,1.59347603,84.57502574,70.01742554,-0.22187550,-5.79073770,-193.30817842
15.70,1.59347603,84.57502574,70.03304291,-0.22175354,-5.78913737,-193.29255518
15.76,1.63539050,84.58176481,70.19461060,-0.22175108,-5.77451202,-193.13478566
15.80,1.63539050,84.58176481,70.21022797,-0.22175108,-5.77290970,-193.11856924
15.86,1.66985056,84.58568066,70.32341766,-0.22150713,-5.76218349,-193.00471966
15.91,1.69566887,84.59157034,70.39367676,-0.22150713,-5.75599440,-192.93871170
15.96,1.71277299,84.59437850,70.49516296,-0.22101922,-5.74627229,-192.83827961
16.01,1.75463834,84.59466751,70.64738464,-0.22004342,-5.73108631,-192.68523978
16.06,1.75463834,84.59466751,70.68251801,-0.21979947,-5.72759142,-192.65061454
16.10,1.77285028,84.58831782,70.73325348,-0.21943355,-5.72243748,-192.59863434
16.16,1.79743518,84.57583590,70.84254456,-0.21931157,-5.71269012,-192.49476144
16.21,1.81494401,84.56860775,70.94403076,-0.21906762,-5.70269850,-192.38925311
16.26,1.83147040,84.56276341,70.97915649,-0.21906762,-5.69934003,-192.35397499
16.31,1.85300482,84.55312983,71.05332184,-0.21870169,-5.69231403,-192.28223577
16.36,1.87344462,84.53930275,71.19538879,-0.21821673,-5.67853157,-192.13726292
16.40,1.88901073,84.52640210,71.23051453,-0.21821673,-5.67528482,-192.10089332
16.46,1.93399835,84.48085839,71.42177582,-0.21736290,-5.65722993,-191.91380892
16.51,1.95237364,84.46276212,71.53497314,-0.21675301,-5.64601301,-191.79932322
16.56,1.97542758,84.44249025,71.57400513,-0.21675301,-5.64247502,-191.76065778
16.61,1.99365699,84.42616187,71.67158508,-0.21626510,-5.63309750,-191.66354464
16.66,2.02055589,84.39868215,71.79258728,-0.21589917,-5.62189100,-191.54544418
16.71,2.04095417,84.37524756,71.92919922,-0.21565521,-5.60879305,-191.40548131
16.76,2.05817520,84.35497966,71.97213745,-0.21528928,-5.60467317,-191.36490537
16.81,2.08406596,84.32837297,72.09467316,-0.21467777,-5.59276903,-191.24250775
16.86,2.11871302,84.29132414,72.25861359,-0.21394591,-5.57661293,-191.07647084
16.91,2.13976830,84.26661931,72.34838867,-0.21333602,-5.56823759,-190.99243929
16.96,2.13976830,84.26661931,72.41083527,-0.21297009,-5.56203225,-190.92908992
17.00,2.16021782,84.24067456,72.45377350,-0.21284813,-5.55796868,-190.88662042
17.06,2.17676483,84.22096190,72.55915833,-0.21260417,-5.54784590,-190.77995786
17.11,2.21774315,84.16841549,72.77774048,-0.21248220,-5.52779419,-190.56521066
17.16,2.21774315,84.16841549,72.82067871,-0.21248220,-5.52379733,-190.52213784
17.21,2.23493220,84.15152272,72.86360931,-0.21199429,-5.51917294,-190.47804807
17.26,2.27359449,84.13078596,73.06422424,-0.21089593,-5.49970121,-190.27945997
17.31,2.29800918,84.11726216,73.19692993,-0.21071297,-5.48670938,-190.14495497
17.36,2.31777253,84.10482069,73.28670502,-0.21113989,-5.47857602,-190.05487886
17.41,2.33350580,84.09811925,73.40380096,-0.21059099,-5.46709224,-189.94055764
17.46,2.35784488,84.08493906,73.54041290,-0.21034704,-5.45369087,-189.80220804
17.51,2.37417155,84.07669629,73.68093109,-0.20992012,-5.43992555,-189.66241394
17.55,2.39172280,84.06671946,73.72776794,-0.20985913,-5.43542159,-189.61555425
17.61,2.41153135,84.05502480,73.82534790,-0.20937124,-5.42594633,-189.52171967
17.65,2.42687670,84.04533659,73.94245148,-0.20943221,-5.41479927,-189.40396345
17.71,2.44907869,84.03036490,74.08451080,-0.20919064,-5.40088465,-189.26095447
17.76,2.46845843,84.01916315,74.22893524,-0.20937361,-5.38688462,-189.11630595
17.80,2.48354074,84.00917898,74.30309296,-0.20943458,-5.37979577,-189.04340574
17.86,2.50689274,83.98898674,74.45141602,-0.20967855,-5.36558273,-188.89641292
17.91,2.52175326,83.97580455,74.59974670,-0.21010546,-5.35141782,-188.74802936
17.96,2.53650527,83.95993428,74.65048218,-0.21053238,-5.34701784,-188.69855173
18.01,2.55610965,83.94016980,74.74806976,-0.21047139,-5.33713105,-188.59836535
18.06,2.59361837,83.90008667,75.02910614,-0.21120326,-5.31066718,-188.32171135
18.10,2.59361837,83.90008667,75.05252075,-0.21089831,-5.30785236,-188.29597335
18.16,2.62807610,83.86214324,75.22970581,-0.21083339,-5.28979217,-188.11798792
18.21,2.64250509,83.84339720,75.35460663,-0.21119931,-5.27728660,-187.99015545
18.25,2.64250509,83.84339720,75.38192749,-0.21101634,-5.27448482,-187.96406331
18.31,2.67951250,83.79297503,75.67076111,-0.21248004,-5.24733663,-187.67971702
18.36,2.69464920,83.77388872,75.72150421,-0.21296795,-5.24254956,-187.62766404
18.40,2.71422070,83.74964149,75.83079529,-0.21290696,-5.23185058,-187.52176447
18.46,2.73213074,83.72535590,75.96350098,-0.21333386,-5.21893498,-187.38927264
18.51,2.74947459,83.70130415,76.10166931,-0.21290946,-5.20490408,-187.25472655
18.56,2.76738640,83.67746759,76.23438263,-0.21315342,-5.19137597,-187.11996416
18.60,2.78112596,83.65706204,76.37099457,-0.21303144,-5.17743505,-186.98486602
18.66,2.81712084,83.60239134,76.64421844,-0.21242157,-5.14879353,-186.71130191
18.71,2.81712084,83.60239134,76.69886780,-0.21248256,-5.14328892,-186.65662842
18.76,2.83708468,83.57544648,76.75741577,-0.21211661,-5.13719269,-186.60064496
18.81,2.85011617,83.55217720,76.89793396,-0.21162872,-5.12250923,-186.46195720
18.86,2.87023339,83.51759718,77.06731415,-0.21089852,-5.10456762,-186.29437736
18.91,2.88764336,83.49027628,77.23515320,-0.21004468,-5.08635251,-186.12575684
18.96,2.90260604,83.46736151,77.31712341,-0.20943479,-5.07705480,-186.04093471
19.01,2.92522076,83.43088102,77.49276733,-0.20864195,-5.05872647,-185.87025754
19.06,2.94402727,83.40099445,77.69183350,-0.20772710,-5.03711025,-185.66903608
19.11,2.96241630,83.36695340,77.75038910,-0.20760514,-5.03108956,-185.61191649
19.16,2.97640913,83.33856566,77.89480591,-0.20693426,-5.01558153,-185.46796126
19.20,2.99749889,83.29485740,78.07199097,-0.20577277,-4.99653510,-185.29331654
19.26,3.01182164,83.26999886,78.24763489,-0.20473599,-4.97725159,-185.11690248
19.31,3.02568330,83.24831322,78.30618286,-0.20406511,-4.97036580,-185.05710500
19.36,3.04356177,83.22133711,78.42718506,-0.20357722,-4.95761397,-184.93884977
19.41,3.07865792,83.15806263,78.84873199,-0.19967400,-4.91009478,-184.51803875
19.46,3.09658450,83.12356556,78.93850708,-0.19888116,-4.89990418,-184.42691559
19.50,3.09658450,83.12356556,78.96972656,-0.19888116,-4.89680403,-184.39693874
19.56,3.12825243,83.06542773,79.15473175,-0.19741781,-4.87609036,-184.21345759
19.61,3.14573749,83.03754035,79.36940765,-0.19424644,-4.85030537,-183.99848456
19.66,3.16115175,83.01413281,79.46308899,-0.19266075,-4.83902593,-183.90601433
19.71,3.18262707,82.98030708,79.65044403,-0.18955037,-4.81630030,-183.72007189
19.75,3.19612811,82.95529169,79.83779144,-0.18643999,-4.79349389,-183.53278353
19.81,3.22543187,82.89418546,80.02905273,-0.18332960,-4.77053527,-183.34433343
19.86,3.23873062,82.87207829,80.19063568,-0.18083081,-4.75115312,-183.18689162
19.91,3.23873062,82.87207829,80.25698853,-0.17991598,-4.74337097,-183.12275880
19.96,3.26024301,82.84330225,80.38579559,-0.17808633,-4.72792668,-182.99565563
20.01,3.28978248,82.80483692,80.64340973,-0.17424405,-4.69639977,-182.73812361
20.06,3.30653489,82.78259932,80.81124878,-0.17174353,-4.67656400,-182.57643538
20.10,3.31974705,82.76932087,80.97128296,-0.16832817,-4.65573473,-182.41448669
20.16,3.33952248,82.75677075,81.16798401,-0.16430058,-4.63049499,-182.21867372
20.21,3.35207363,82.75135756,81.29679108,-0.16192207,-4.61369064,-182.08696540
20.26,3.36568223,82.75069528,81.43340302,-0.15948255,-4.59682769,-181.95483305
20.31,3.38141694,82.75288310,81.56610870,-0.15673812,-4.57955772,-181.82247458
20.36,3.39579064,82.75498307,81.73394775,-0.15374972,-4.55826105,-181.65540921
20.40,3.41862195,82.76030123,81.93301392,-0.15009047,-4.53257680,-181.45400538
20.45,3.43010285,82.76662356,82.13948822,-0.14692105,-4.50715024,-181.25113959
20.51,3.44708440,82.78287375,82.20779419,-0.14570129,-4.49851237,-181.18330909
20.56,3.45952419,82.80217448,82.38148499,-0.14234693,-4.47654249,-181.01346899
20.61,3.47820830,82.82952319,82.58835602,-0.13795575,-4.44973377,-180.80879714
20.66,3.49707128,82.84171219,82.79718781,-0.13393053,-4.42312970,-180.60272865
20.71,3.51005516,82.85291844,82.86549377,-0.13301571,-4.41458742,-180.53343053
20.76,3.52464739,82.85435759,83.03723145,-0.12984431,-4.39247635,-180.36010718
20.81,3.54221172,82.85934311,83.24954987,-0.12557474,-4.36609631,-180.15065475
20.86,3.55467404,82.85835618,83.42910004,-0.12246434,-4.34444308,-179.97396265
20.91,3.57295509,82.85583819,83.53448486,-0.12057371,-4.33138767,-179.86770421
20.96,3.61059708,82.84575725,83.92871094,-0.11295018,-4.28271338,-179.47658781
21.01,3.62282862,82.84369358,84.07467651,-0.10983972,-4.26462885,-179.33331547
21.06,3.63416092,82.83939476,84.21714020,-0.10624141,-4.24678696,-179.18963131
21.10,3.63416092,82.83939476,84.25617218,-0.10532659,-4.24230834,-179.15367901
21.16,3.66157924,82.84313476,84.54501343,-0.09837393,-4.20661875,-178.86435173
21.20,3.68114649,82.84971721,84.76750183,-0.09312896,-4.17976502,-178.64587152
21.26,3.69470521,82.85801779,84.98608398,-0.08696914,-4.15190047,-178.42762584
21.30,3.71125454,82.86769909,85.06024170,-0.08477357,-4.14248822,-178.35477347
21.36,3.72565119,82.87891848,85.24718475,-0.07964944,-4.11948064,-178.17131857
21.40,3.74205389,82.89749062,85.46966553,-0.07275787,-4.09092867,-177.95015941
21.46,3.75487801,82.90999711,85.69409943,-0.06568334,-4.06218386,-177.72798181
21.51,3.78236857,82.94328505,85.91853333,-0.05879178,-4.03340146,-177.50462260
21.56,3.79541910,82.96230325,86.10744476,-0.05299848,-4.00925645,-177.31721951
21.61,3.80954142,82.99670982,86.33383179,-0.04622882,-3.98029533,-177.09180326
21.66,3.82323519,83.04338206,86.44702148,-0.04287449,-3.96578983,-176.97877393
21.71,3.84091660,83.09785061,86.63828278,-0.03720262,-3.94144533,-176.78985104
21.76,3.85349910,83.15323392,86.98176575,-0.02781048,-3.89834620,-176.44762120
21.81,3.86967657,83.20951667,87.05982971,-0.02628578,-3.88923449,-176.37107955
21.86,3.89638014,83.32337178,87.36973572,-0.01823562,-3.85137924,-176.06447145
21.91,3.89638014,83.32337178,87.44585419,-0.01616200,-3.84183382,-175.98760691
21.96,3.91357481,83.39197104,87.56295013,-0.01335652,-3.82781310,-175.87221722
22.01,3.92329018,83.44505180,87.75811005,-0.00914830,-3.80483828,-175.67883293
22.05,3.94368765,83.51706440,87.99035645,-0.00396427,-3.77713653,-175.44671277
22.11,3.95579242,83.55940140,88.22608185,0.00158567,-3.74953677,-175.21353659
22.16,3.97027265,83.60490413,88.30220032,0.00378121,-3.74013790,-175.13621696
22.21,3.98726275,83.64870461,88.49736023,0.00872119,-3.71696743,-174.94175194
22.26,3.99809959,83.68268822,88.69641876,0.01299030,-3.69433305,-174.74514924
22.30,4.01736330,83.72857310,88.93451691,0.01793027,-3.66729796,-174.50866897
22.36,4.02838067,83.75248335,89.17221069,0.02280957,-3.64051624,-174.27093242
22.40,4.03894383,83.77627191,89.25222778,0.02463921,-3.63149825,-174.19164572
22.46,4.05307845,83.80795664,89.41421509,0.02799356,-3.61374379,-174.03205467
22.50,4.06833499,83.85225618,89.81624603,0.03708079,-3.56863473,-173.63226572
22.56,4.08069671,83.88062251,89.89626312,0.03860550,-3.55978997,-173.55136941
22.61,4.09485658,83.92033458,90.01726532,0.04165490,-3.54585254,-173.43078119
22.66,4.12494597,83.99764365,90.46572876,0.05385240,-3.49484068,-172.98692204
22.70,4.12494597,83.99764365,90.50671387,0.05464524,-3.49047997,-172.94607273
22.76,4.14761175,84.07569551,90.79360199,0.06202479,-3.45819670,-172.66109453
22.81,4.16012388,84.13044985,90.95753479,0.06562308,-3.44028075,-172.49690410
22.86,4.17083792,84.17479031,91.16400146,0.07074606,-3.41757232,-172.29171719
22.91,4.18943497,84.24218714,91.41381073,0.07666189,-3.39068532,-172.04437156
22.96,4.20293882,84.29863763,91.66361237,0.08184586,-3.36446498,-171.79597259
23.01,4.21707089,84.34482031,91.78852081,0.08434638,-3.35139895,-171.67132654
23.06,4.23529896,84.41209237,92.03832245,0.08916443,-3.32534552,-171.42109310
23.11,4.25982492,84.50359772,92.37750244,0.09544762,-3.29122642,-171.08541551
23.15,4.25982492,84.50359772,92.45947266,0.09703333,-3.28270872,-171.00164902
23.21,4.27306111,84.56186578,92.54534912,0.09861904,-3.27420310,-170.91781153
23.26,4.28781825,84.62382483,92.75807190,0.10209541,-3.25323438,-170.70636587
23.31,4.29984248,84.67374505,92.97080231,0.10551079,-3.23234393,-170.49491427
23.36,4.33439346,84.80291012,93.39974213,0.11038779,-3.19263544,-170.06847980
23.41,4.33439346,84.80291012,93.48561096,0.11099767,-3.18507218,-169.98288984
23.46,4.34801650,84.86259370,93.61441803,0.11209545,-3.17348609,-169.85406875
23.50,4.36035647,84.90974894,93.83104706,0.11404706,-3.15399933,-169.63878701
23.55,4.38075586,84.98067766,94.09020996,0.11532739,-3.13171897,-169.38022330
23.61,4.39703478,85.03807784,94.34976959,0.11673010,-3.10930119,-169.12020180
23.66,4.40975443,85.08232565,94.48052979,0.11733998,-3.09811750,-168.98923489
23.71,4.42741220,85.14864496,94.74594116,0.11831578,-3.07588544,-168.72638602
23.76,4.44482014,85.20496392,95.00940704,0.11898664,-3.05383748,-168.46232196
23.80,4.45944394,85.24630667,95.14367676,0.11923174,-3.04290091,-168.32977149
23.86,4.48219993,85.30634774,95.41104126,0.11941470,-3.02125291,-168.06354709
23.91,4.49761626,85.34619367,95.68036652,0.11923174,-2.99988655,-167.79583217
23.96,4.51500698,85.39110003,95.76818848,0.11941470,-2.99250112,-167.70624710
24.01,4.52950941,85.42567962,95.99457550,0.11904877,-2.97477502,-167.48180307
24.06,4.55206111,85.47875601,96.35717773,0.11844005,-2.94648762,-167.12089014
24.10,4.56545895,85.50894512,96.53868103,0.11807412,-2.93232099,-166.93948060
24.16,4.59497974,85.57243034,96.85679626,0.11703731,-2.90777710,-166.62095685
24.21,4.61935534,85.61676828,97.13350677,0.11590780,-2.88691558,-166.34668446
24.26,4.63362474,85.64447206,97.36380005,0.11477951,-2.86973244,-166.11711041
24.30,4.63362474,85.64447206,97.40868378,0.11468803,-2.86617335,-166.07104431
24.36,4.66287222,85.69873957,97.73265839,0.11267543,-2.84240120,-165.74784720
24.41,4.68245005,85.73387132,98.01368713,0.11090677,-2.82195705,-165.46925521
24.46,4.71182438,85.78187142,98.38799286,0.10874125,-2.79449896,-165.09575111
24.50,4.71182438,85.78187142,98.48361969,0.10803989,-2.78780164,-165.00197927
24.55,4.72476989,85.80308258,98.62218475,0.10721656,-2.77746184,-164.86123849
24.60,4.74683579,85.83358241,98.90711975,0.10593582,-2.75636694,-164.57861808
24.65,4.75786053,85.85443239,99.19360352,0.10499106,-2.73469362,-164.29360375
24.70,4.78704743,85.88577316,99.52732849,0.10340536,-2.70981732,-163.95988560
24.76,4.80404879,85.90339952,99.81421661,0.10185017,-2.68858047,-163.67249330
24.80,4.80404879,85.90339952,99.86495972,0.10175869,-2.68482171,-163.62416734
24.86,4.81632712,85.91420926,100.00743103,0.10084386,-2.67428325,-163.47992407
24.90,4.83217696,85.92649575,100.19828033,0.09944022,-2.66033000,-163.28734719
24.96,4.84672337,85.93400932,100.44027710,0.09754961,-2.64276274,-163.04562541
25.00,4.86512873,85.94416323,100.73301697,0.09547603,-2.62145284,-162.75457942
25.05,4.87782688,85.95204709,101.02575684,0.09334147,-2.60007562,-162.46225575
25.10,4.89159002,85.95984412,101.12489319,0.09230575,-2.59321141,-162.36498898
25.16,4.92059435,85.97044836,101.66744232,0.08773162,-2.55366406,-161.82553921
25.20,4.93514744,85.97288791,101.86260223,0.08587148,-2.53944076,-161.62892583
25.26,4.94985270,85.97235997,102.06166840,0.08434678,-2.52478048,-161.43097953
25.31,4.96503927,85.96768531,102.30911255,0.08160145,-2.50704587,-161.18384199
25.36,4.98332003,85.96123621,102.60771179,0.07827763,-2.48563431,-160.88599970
25.41,5.00083557,85.95743815,102.90825653,0.07495379,-2.46418248,-160.58731371
25.46,5.01624767,85.95243635,103.05853271,0.07281923,-2.45388249,-160.43786942
25.50,5.02685214,85.94694240,103.30793762,0.06913041,-2.43672280,-160.18813531
25.56,5.04819128,85.93574314,103.61044312,0.06431232,-2.41644837,-159.88808040
25.61,5.05951951,85.92690943,103.90904236,0.05931127,-2.39630467,-159.58730800
25.66,5.07778610,85.91494207,104.01247406,0.05757310,-2.38962333,-159.48662084
25.71,5.09234089,85.90315806,104.26382446,0.05403532,-2.37213592,-159.23392183
25.76,5.11012227,85.88696957,104.56827545,0.05004061,-2.35082540,-158.92941205
25.81,5.12826040,85.87060515,104.87467957,0.04607639,-2.32935846,-158.62378839
25.86,5.13949905,85.86040795,105.02885437,0.04418577,-2.31851297,-158.47050195
25.91,5.16198750,85.84731756,105.33875275,0.04089217,-2.29625636,-158.16350399
25.96,5.17363583,85.83710387,105.64710999,0.03753785,-2.27393773,-157.85499509
26.01,5.18798697,85.82340510,105.75054169,0.03634859,-2.26653672,-157.75177943
26.06,5.20296083,85.81030629,106.01010895,0.03378712,-2.24761332,-157.49372664
26.11,5.21837898,85.78863879,106.31806183,0.03076853,-2.22433443,-157.18325927
26.16,5.23272093,85.76892792,106.63032532,0.02778011,-2.20071272,-156.87152948
26.21,5.24799469,85.74197660,106.73571014,0.02659084,-2.19302583,-156.76723395
26.26,5.25930100,85.72151521,107.10415649,0.02351087,-2.16481627,-156.40126611
26.31,5.28857592,85.67198908,107.52765656,0.01860133,-2.13280255,-155.98087465
26.36,5.28857592,85.67198908,107.63304138,0.01759503,-2.12456394,-155.87550889
26.41,5.31260336,85.61980270,107.94920349,0.01421020,-2.10015882,-155.55899355
26.46,5.32302092,85.59428027,108.21617126,0.01174017,-2.07918108,-155.29402900
26.51,5.34203189,85.55674187,108.53428650,0.00869078,-2.05383877,-154.97527787
26.56,5.36768118,85.49975691,109.01633453,0.00387273,-2.01593074,-154.49538901
26.61,5.36768118,85.49975691,109.12131500,0.00286646,-2.00742687,-154.38855502
26.66,5.38430222,85.46435554,109.33599854,0.00140274,-1.98982804,-154.17514642
26.71,5.39506959,85.44012995,109.55262756,-0.00021346,-1.97232540,-153.96095329
26.76,5.40760195,85.40592155,109.76731110,-0.00189065,-1.95485188,-153.74640886
26.81,5.41497344,85.37639190,110.03663635,-0.00408624,-1.93300087,-153.47733302
26.86,5.43202236,85.33247210,110.36213684,-0.00692209,-1.90703038,-153.15369258
26.90,5.44782143,85.29798172,110.68804932,-0.00948356,-1.88071188,-152.82913120
26.96,5.45729151,85.27135110,110.85198975,-0.01058134,-1.86734955,-152.66643344
27.00,5.47016772,85.23911105,111.17750549,-0.01238068,-1.84020931,-152.34042397
27.06,5.47738711,85.22379835,111.50537872,-0.01393589,-1.81283580,-152.01382537
27.10,5.50121494,85.19343824,111.83325958,-0.01515566,-1.78506932,-151.68673134
27.16,5.51390516,85.18062030,112.10607147,-0.01588732,-1.76150754,-151.41287863
27.21,5.51390516,85.18062030,112.21730804,-0.01613127,-1.75198597,-151.30319831
27.26,5.54697496,85.13618613,112.66032410,-0.01716806,-1.71385127,-150.86269667
27.31,5.55972658,85.10431005,112.88085938,-0.01783893,-1.69489299,-150.64180085
27.35,5.55972658,85.10431005,112.99404907,-0.01829634,-1.68549763,-150.53104639
27.40,5.57426179,85.07475295,113.15953827,-0.01911965,-1.67138038,-150.36410823
27.46,5.60919898,85.02615614,113.77819824,-0.02207755,-1.61893072,-149.74936949
27.51,5.62198973,84.99532501,114.00263214,-0.02277891,-1.59941172,-149.52503407
27.56,5.63555933,84.97336396,114.28716278,-0.02389198,-1.57466195,-149.24338658
27.61,5.64827727,84.94097309,114.62674713,-0.02480680,-1.54431479,-148.90550969
27.66,5.66785697,84.89277934,115.07952118,-0.02544717,-1.50323676,-148.45438283
27.70,5.66785697,84.89277934,115.13766479,-0.02541683,-1.49782180,-148.39771621
27.76,5.68058293,84.86610582,115.36405182,-0.02598098,-1.47683467,-148.17180008
27.81,5.69186114,84.84030880,115.64703369,-0.02675857,-1.45058547,-147.88854046
27.86,5.70858477,84.78986995,115.99052429,-0.02825279,-1.41958294,-147.54775863
27.91,5.71552766,84.75699203,116.32969666,-0.03025017,-1.38852925,-147.20640203
27.96,5.72992048,84.72781083,116.44288635,-0.03078382,-1.37798610,-147.09263035
28.01,5.74507285,84.69581796,117.01861572,-0.03247624,-1.32396430,-146.52107122
28.06,5.75798296,84.66822067,117.13530731,-0.03287258,-1.31314384,-146.40666646
28.11,5.77017842,84.63483038,117.30704498,-0.03363493,-1.29693821,-146.23457733
28.16,5.78404736,84.59746304,117.53733826,-0.03467173,-1.27534844,-146.00497177
28.21,5.79327246,84.57119470,117.94132233,-0.03593723,-1.23690252,-145.60215762
28.26,5.81019781,84.53525081,118.17315674,-0.03659259,-1.21475981,-145.37121558
28.30,5.81892214,84.50961123,118.40539551,-0.03737018,-1.19259865,-145.13956262
28.36,5.84087585,84.44837614,118.87183380,-0.03837648,-1.14773075,-144.67602425
28.41,5.84960728,84.42377949,119.27931976,-0.03926149,-1.10834877,-144.26922360
28.46,5.86549279,84.39338478,119.51351929,-0.03956644,-1.08558391,-144.03616998
28.51,5.87365229,84.37554819,119.74771118,-0.03984088,-1.06275823,-143.80279658
28.56,5.88362361,84.35876034,119.98191071,-0.03987138,-1.03967157,-143.56925854
28.61,5.89299256,84.33727925,120.21958923,-0.03962698,-1.01623861,-143.33544713
28.66,5.89864806,84.31979864,120.51233673,-0.03920006,-0.98668934,-143.04298554
28.71,5.91076175,84.29179788,120.86557770,-0.03855969,-0.95104088,-142.69140267
28.76,5.91914392,84.27327215,121.22231293,-0.03769819,-0.91497081,-142.33914648
28.80,5.92731926,84.25326965,121.34136200,-0.03754573,-0.90299675,-142.22143491
28.86,5.93607473,84.24061976,121.63800812,-0.03664615,-0.87252165,-141.92718087
28.91,5.94501300,84.22140307,121.99320221,-0.03561698,-0.83589543,-141.57303998
28.96,5.96349100,84.18964932,122.52558899,-0.03466398,-0.78177433,-141.04076601
29.01,5.96349100,84.18964932,122.58609009,-0.03452675,-0.77573059,-140.98155224
29.06,5.97226361,84.17229090,122.88273621,-0.03388638,-0.74554628,-140.68532611
29.10,5.97897957,84.16627451,123.24142456,-0.03223957,-0.70874898,-140.32962999
29.16,5.98442320,84.16010666,123.36047363,-0.03136287,-0.69632986,-140.21122826
29.20,5.99340014,84.15863258,123.60051727,-0.02965522,-0.67144348,-139.97342906
29.26,6.00821573,84.16176713,124.25976562,-0.02455523,-0.60252189,-139.31837459
29.31,6.00821573,84.16176713,124.31831360,-0.02415119,-0.59631580,-139.25865861
29.36,6.01846254,84.15986486,124.79840851,-0.02001926,-0.54576755,-138.78148572
29.40,6.02631469,84.15276787,125.15710449,-0.01765623,-0.50840004,-138.42310390
29.46,6.03051283,84.14681187,125.39910126,-0.01688625,-0.48375528,-138.18384128
29.50,6.03051283,84.14681187,125.51815796,-0.01648982,-0.47143711,-138.06434312
29.56,6.04517930,84.14454119,125.93775940,-0.01509471,-0.42818917,-137.64483304
29.61,6.04902022,84.14423989,126.24179077,-0.01405390,-0.39707850,-137.34568603
29.66,6.05541846,84.13783942,126.60089111,-0.01383663,-0.36054536,-136.98706905
29.70,6.05837427,84.13565558,126.96389008,-0.01347452,-0.32380844,-136.62793165
29.76,6.06591624,84.13029477,127.08293915,-0.01318863,-0.31131899,-136.50745271
29.80,6.07151917,84.12691921,127.38698578,-0.01246827,-0.28038449,-136.20726976
29.86,6.07738015,84.12364655,127.74998474,-0.01147340,-0.24304783,-135.84615695
29.90,6.08319104,84.12637609,128.11453247,-0.01042128,-0.20560145,-135.48431265
29.96,6.08883195,84.12929971,128.29408264,-0.00966275,-0.18682598,-135.30318003
30.01,6.09444366,84.13431253,128.65902710,-0.00825622,-0.14934850,-134.94055225
30.06,6.09990649,84.13733724,129.02398682,-0.00717750,-0.11219080,-134.57778706
30.11,6.10617511,84.14200969,129.20507812,-0.00650472,-0.09361184,-134.39678336
30.16,6.11020498,84.14800896,129.50952148,-0.00531546,-0.06270259,-134.09519501
30.21,6.11367769,84.16311515,129.87448120,-0.00384985,-0.02549281,-133.73248936
30.26,6.12086220,84.18844631,130.36198425,-0.00112636,0.02483088,-133.24687391
30.30,6.12086220,84.18844631,130.54542542,-0.00002095,0.04370562,-133.06472984
30.35,6.12262361,84.19962206,130.66838074,0.00074521,0.05631349,-132.94334250
30.40,6.12922087,84.21578672,131.03529358,0.00293315,0.09412933,-132.57815676
30.46,6.13335078,84.22908029,131.40179443,0.00532412,0.13179119,-132.21279767
30.51,6.13679413,84.24334347,131.83114624,0.00799714,0.17554602,-131.78626507
30.56,6.14109738,84.26395908,132.07705688,0.01002311,0.20113777,-131.54163080
30.61,6.14276487,84.28281402,132.20153809,0.01083290,0.21356068,-131.41949089
30.66,6.14539052,84.29628394,132.50599670,0.01347632,0.24512191,-131.11431959
30.70,6.14728844,84.31903608,132.87680054,0.01609116,0.28254151,-130.74701631
30.76,6.14775145,84.33794424,133.24330139,0.01857843,0.31957509,-130.37961008
30.81,6.15048327,84.35954788,133.42869568,0.02000783,0.33806682,-130.19588772
30.86,6.15287492,84.38002353,133.73706055,0.02280565,0.36930770,-129.88962981
30.91,6.15612746,84.41947422,134.10591125,0.02609899,0.40673660,-129.52208681
30.96,6.16042762,84.45607616,134.47436523,0.03066577,0.44470164,-129.15535752
31.01,6.16236386,84.47925884,134.65977478,0.03281943,0.46357337,-128.97185691
31.06,6.16433566,84.51368637,135.02862549,0.03673413,0.50088713,-128.60521502
31.11,6.16804254,84.53243709,135.39707947,0.04014166,0.53730655,-128.23834171
31.16,6.17115266,84.55616636,135.52197266,0.04095738,0.54912840,-128.11560734
31.20,6.17398686,84.57865651,135.82838440,0.04347314,0.57913168,-127.80909252
31.26,6.17618309,84.64844503,136.44468689,0.04843184,0.63891640,-127.19510295
31.30,6.17690196,84.67880007,136.69058228,0.05057403,0.66293015,-126.94942704
31.36,6.17735361,84.70280522,136.99990845,0.05245703,0.69218375,-126.64179905
31.40,6.17721796,84.73478751,137.37129211,0.05437107,0.72704011,-126.27230017
31.45,6.17921984,84.75616820,137.61915588,0.05562133,0.75032240,-126.02533431
31.50,6.17921984,84.75616820,137.74211121,0.05617023,0.76184697,-125.90235667
31.56,6.18314205,84.83630214,138.42475891,0.05857119,0.82494350,-125.22444752
31.60,6.18314205,84.83630214,138.54771423,0.05892187,0.83633279,-125.10166366
31.65,6.18313074,84.86924530,138.79458618,0.05937928,0.85887631,-124.85598349
31.71,6.18597590,84.88974143,139.04147339,0.05979857,0.88137171,-124.61031066
31.76,6.18819625,84.91098319,139.28697205,0.05996655,0.90374352,-124.36471874
31.80,6.18863373,84.92604267,139.59629822,0.05988269,0.93155152,-124.05689398
31.86,6.19288315,84.96491524,140.21455383,0.05950143,0.98691435,-123.44127556
31.90,6.19526372,84.98861684,140.46144104,0.05944045,1.00910356,-123.19479064
31.96,6.19526372,84.98861684,140.58535767,0.05936421,1.02017570,-123.07132158
32.00,6.19837579,85.01056327,140.77174377,0.05917362,1.03670227,-122.88615924
32.06,6.20167029,85.04485575,141.45440674,0.05917345,1.09720127,-122.20726654
32.10,6.20167029,85.04485575,141.51588440,0.05940216,1.10279410,-122.14628743
32.16,6.20298069,85.05916823,141.82423401,0.05964611,1.13014023,-121.83825228
32.20,6.20701396,85.08293316,141.94816589,0.05975284,1.14105162,-121.71540297
32.26,6.21403616,85.13800000,142.62789917,0.06135412,1.20087013,-121.03758962
32.31,6.21751547,85.16107776,142.99967957,0.06191826,1.23297110,-120.66767209
32.35,6.21751547,85.16107776,143.06115723,0.06199449,1.23831881,-120.60573853
32.40,6.22096504,85.18906099,143.12222290,0.06207064,1.24365329,-120.54380942
32.46,6.22571119,85.24197799,143.80430603,0.06309219,1.30160115,-119.86444572
32.51,6.22724073,85.26374331,144.17764282,0.06325988,1.33286703,-119.49308382
32.55,6.22789192,85.29627078,144.30157471,0.06321414,1.34310840,-119.36922114
32.61,6.23096871,85.34878313,144.92218018,0.06260426,1.39397218,-118.75026277
32.66,6.23376679,85.38104853,145.29551697,0.06196381,1.42413500,-118.37831409
32.70,6.23444823,85.40131615,145.54434204,0.06158263,1.44421020,-118.13043645
32.75,6.23335011,85.41861447,145.79316711,0.06068306,1.46373401,-117.88292856
32.81,6.23619477,85.44163254,146.04103088,0.06005793,1.48356074,-117.63495501
32.85,6.23663237,85.46305327,146.35189819,0.05921917,1.50805666,-117.32518999
32.91,6.24108570,85.49523423,146.72465515,0.05784694,1.53701689,-116.95302682
32.96,6.24263487,85.51266390,146.97447205,0.05703886,1.55646470,-116.70463810
33.00,6.24225160,85.53338682,147.22387695,0.05636825,1.57584455,-116.45618351
33.05,6.24225160,85.53338682,147.34779358,0.05589560,1.58526368,-116.33208288
33.10,6.24279640,85.55230094,147.78398132,0.05536195,1.61938477,-115.89750832
33.16,6.24338567,85.58629990,148.15829468,0.05418791,1.64785269,-115.52495551
33.20,6.24338567,85.58629990,148.28123474,0.05348655,1.65684840,-115.40079126
33.26,6.24815699,85.62429997,148.71839905,0.05219055,1.68953917,-114.96548503
33.30,6.24985139,85.64345862,149.09310913,0.05074208,1.71725709,-114.59199638
33.36,6.25121240,85.65479691,149.46838379,0.04898848,1.74467328,-114.21853292
33.40,6.25196903,85.66090681,149.90554810,0.04627452,1.77594055,-113.78367204
33.46,6.25439808,85.66729612,150.15299988,0.04526829,1.79438492,-113.53526050
33.50,6.25747842,85.67595469,150.27693176,0.04433822,1.80329665,-113.41144066
33.55,6.25907042,85.68379311,150.52575684,0.04327093,1.82197863,-113.16289774
33.61,6.26061480,85.69216023,150.77557373,0.04223414,1.84069627,-112.91426714
33.66,6.26036596,85.69462456,151.08587646,0.04069420,1.86376620,-112.60477126
33.71,6.25809694,85.69232466,151.39578247,0.03891038,1.88697475,-112.29519354
33.75,6.25865031,85.67992756,151.76756287,0.03679104,1.91493173,-111.92339036
33.80,6.25814593,85.66960986,152.14283752,0.03467184,1.94292490,-111.55171044
33.86,6.26167809,85.65602953,152.51559448,0.03217132,1.97108161,-111.17977803
33.91,6.26167809,85.65602953,152.70295715,0.03107353,1.98532620,-110.99370330
33.96,6.26112095,85.64898901,152.82688904,0.03043315,1.99497266,-110.86887133
34.01,6.26213758,85.62604946,153.57492065,0.02529483,2.05226212,-110.12398918
34.06,6.26273139,85.60279258,153.82179260,0.02277906,2.07069283,-109.87660921
34.11,6.26138736,85.58308005,154.07160950,0.02070547,2.08966650,-109.62809542
34.16,6.26162649,85.55999519,154.32099915,0.01818959,2.10868170,-109.37959101
34.20,6.26119945,85.54453699,154.63227844,0.01485051,2.13231942,-109.06969047
34.26,6.26098240,85.51640659,155.00503540,0.01117600,2.16104660,-108.69761594
34.30,6.26050513,85.46225103,155.50230408,0.00622078,2.19966829,-108.20151753
34.36,6.26050513,85.46225103,155.56475830,0.00571763,2.20465405,-108.13915879
34.40,6.25887223,85.43481160,155.81455994,0.00341533,2.22425070,-107.89047003
34.46,6.25671491,85.39552356,156.18789673,0.00028969,2.25393852,-107.51810163
34.50,6.25706088,85.36875991,156.56065369,-0.00233279,2.28405572,-107.14594629
34.56,6.25819882,85.34518218,156.74800110,-0.00361354,2.29915600,-106.95982463
34.61,6.25875484,85.30504964,157.12075806,-0.00577862,2.32980491,-106.58709017
34.66,6.25859666,85.27186884,157.49604797,-0.00771499,2.36095349,-106.21374706
34.70,6.25941079,85.24503051,157.68437195,-0.00859931,2.37660771,-106.02707556
34.76,6.26003376,85.20791724,158.05810547,-0.01009352,2.40812502,-105.65461515
34.80,6.26246124,85.17963248,158.43046570,-0.01155724,2.44008260,-105.28203621
34.86,6.26350620,85.15425938,158.86763000,-0.01256354,2.47817387,-104.84761699
34.91,6.26578225,85.12736834,159.11743164,-0.01321916,2.49991874,-104.59874785
34.96,6.26633009,85.10326860,159.24192810,-0.01360036,2.51083556,-104.47499188
35.01,6.26505896,85.07642937,159.49075317,-0.01457617,2.53251916,-104.22635553
35.06,6.26436195,85.04384918,159.74057007,-0.01549099,2.55424461,-103.97770526
35.10,6.26359887,85.01957956,160.05087280,-0.01631433,2.58159249,-103.66852596
35.16,6.26090629,84.96341931,160.67303467,-0.01808297,2.63665705,-103.04862224
35.20,6.26090629,84.96341931,160.79695129,-0.01820495,2.64785159,-102.92523779
35.26,6.26354650,84.91181303,161.48059082,-0.01908924,2.70977628,-102.24419233
35.30,6.26438682,84.90568099,161.54304504,-0.01921122,2.71540889,-102.18181858
35.36,6.25243682,84.85645104,161.85432434,-0.01933320,2.74395710,-101.87239747
35.41,6.24385921,84.83186693,162.10316467,-0.01954665,2.76671337,-101.62447517
35.46,6.20984890,84.80373480,162.35157776,-0.01994296,2.78952094,-101.37686584
35.50,6.19418835,84.79038178,162.66090393,-0.01994296,2.81835466,-101.06938493
35.56,6.16079709,84.77066019,163.02976990,-0.01991246,2.85289965,-100.70127993
35.60,6.12810342,84.75650032,163.39920044,-0.02006514,2.88746399,-100.33448307
35.66,6.07265833,84.71656169,163.82464600,-0.02049206,2.92731686,-99.90955407
35.71,6.07265833,84.71656169,163.94662476,-0.02055305,2.93866319,-99.78915239
35.75,6.01648977,84.68574084,164.19017029,-0.02079687,2.96132730,-99.54821707
35.80,5.97650909,84.66476395,164.42826843,-0.02091885,2.98398778,-99.31036276
35.85,5.90832793,84.63989283,164.66734314,-0.02101033,3.00664082,-99.07267545
35.91,5.85070529,84.62339341,164.96301270,-0.02079687,3.03502445,-98.77833696
35.96,5.75583389,84.60026192,165.31291199,-0.02140690,3.06805076,-98.42938332
36.00,5.67497858,84.58298229,165.65737915,-0.02198629,3.10082409,-98.08623304
36.06,5.51275307,84.54022625,166.05062866,-0.02232172,3.13854390,-97.69494021
36.10,5.39191316,84.50947531,166.38005066,-0.02305345,3.17032084,-97.36676500
36.16,5.31330831,84.49343547,166.70303345,-0.02384630,3.20157521,-97.04523214
36.20,5.31330831,84.49343547,166.75671387,-0.02396827,3.20676544,-96.99191057
36.26,5.12203126,84.45913285,167.07092285,-0.02436469,3.23754691,-96.67893213
36.31,4.99163260,84.43516090,167.37690735,-0.02494397,3.26774940,-96.37363965
36.35,4.90694003,84.41891910,167.67550659,-0.02497446,3.29777541,-96.07631138
36.40,4.79780508,84.39672680,167.77308655,-0.02470002,3.30780681,-95.97951324
36.46,4.71438224,84.37735065,168.01509094,-0.02442557,3.33233763,-95.73964002
36.51,4.58969734,84.35309754,168.29766846,-0.02402943,3.36106498,-95.45862697
36.56,4.50508740,84.33895315,168.57284546,-0.02326707,3.38934905,-95.18489232
36.60,4.39715415,84.32343667,168.66262817,-0.02320608,3.39844665,-95.09517220
36.66,4.30566949,84.31382480,168.88414001,-0.02265719,3.42112595,-94.87472333
36.70,4.16508405,84.30148380,169.14329529,-0.02204714,3.44761193,-94.61744733
36.76,4.08113491,84.28732577,169.39407349,-0.02204714,3.47258017,-94.36776623
36.80,3.98831330,84.27112366,169.47702026,-0.02229109,3.48057240,-94.28555255
36.86,3.90610003,84.25921046,169.67803955,-0.02247405,3.50042582,-94.08503945
36.91,3.84440762,84.25475968,169.87515259,-0.02265701,3.51988901,-93.88885000
36.96,3.75640038,84.24523493,170.10739136,-0.02262652,3.54296845,-93.65843889
37.00,3.69262957,84.23250907,170.37142944,-0.02296192,3.56921661,-93.39553339
37.06,3.64785776,84.22234895,170.51876831,-0.02338884,3.58365886,-93.24868351
37.11,3.53455172,84.20836034,170.77247620,-0.02341933,3.60926574,-92.99597724
37.15,3.53455172,84.20836034,170.84469604,-0.02341933,3.61651220,-92.92446015
37.20,3.48237163,84.20222495,170.95104980,-0.02335834,3.62730713,-92.81850857
37.26,3.36806346,84.18418544,171.29705811,-0.02329752,3.66247072,-92.47436941
37.31,3.31435955,84.17683490,171.49905396,-0.02338901,3.68299528,-92.27343594
37.36,3.27280753,84.17121368,171.59858704,-0.02338901,3.69315550,-92.17459430
37.40,3.20985428,84.16232484,171.79472351,-0.02341950,3.71313181,-91.97964973
37.46,3.16966463,84.15365240,171.98696899,-0.02357197,3.73255727,-91.78872378
37.50,3.12593927,84.14301308,172.04940796,-0.02366345,3.73894915,-91.72581374
37.55,3.09528288,84.13639439,172.20611572,-0.02360225,3.75491679,-91.57000322
37.60,3.04939309,84.13099146,172.39151001,-0.02341929,3.77397261,-91.38516591
37.66,3.01860753,84.12725447,172.57496643,-0.02326682,3.79268168,-91.20324005
37.71,2.98662420,84.12272658,172.63546753,-0.02326682,3.79878541,-91.14334992
37.76,2.95286242,84.11820826,172.78475952,-0.02348028,3.81378883,-90.99419022
37.81,2.92256397,84.11398075,172.96235657,-0.02372423,3.83156111,-90.81746783
37.86,2.89681294,84.11382793,173.08042908,-0.02375472,3.84338492,-90.70103719
37.90,2.87037475,84.11378562,173.19517517,-0.02393778,3.85487334,-90.58584744
37.96,2.81456235,84.11222884,173.45132446,-0.02415124,3.88021937,-90.33114989
38.01,2.77461148,84.10813329,173.61964417,-0.02396828,3.89713065,-90.16419392
38.06,2.75169680,84.10614431,173.72991943,-0.02405976,3.90804565,-90.05448258
38.10,2.75169680,84.10614431,173.75674438,-0.02393778,3.91089341,-90.02706311
38.16,2.69159586,84.10106491,174.11145020,-0.02323642,3.94694147,-89.67482776
38.21,2.67267006,84.09717443,174.16423035,-0.02311447,3.95230862,-89.62183611
38.26,2.65543808,84.09437024,174.24473572,-0.02290101,3.96038796,-89.54208166
38.31,2.63352628,84.09352305,174.35110474,-0.02268755,3.97107006,-89.43624262
38.35,2.61397284,84.09381698,174.48283386,-0.02226063,3.98451274,-89.30460885
38.40,2.59641055,84.09772856,174.61456299,-0.02177273,3.99790793,-89.17389765
38.46,2.56172325,84.10472734,174.89999390,-0.02021753,4.02749927,-88.89021466
38.50,2.56172325,84.10472734,174.92536926,-0.02027852,4.02993678,-88.86475625
38.56,2.54644943,84.10390993,175.00196838,-0.02012605,4.03764091,-88.78838574
38.60,2.53425087,84.10715254,175.13027954,-0.01963815,4.05071506,-88.66094362
38.66,2.51903651,84.11217574,175.28308105,-0.01875383,4.06651171,-88.50870984
38.70,2.50964316,84.11423005,175.43481445,-0.01774753,4.08234280,-88.35754616
38.76,2.49816030,84.11599579,175.48556519,-0.01741209,4.08761137,-88.30729167
38.81,2.49001135,84.11662147,175.61192322,-0.01698517,4.10032011,-88.18180403
38.86,2.47664763,84.11799044,175.76123047,-0.01625332,4.11563563,-88.03310813
38.91,2.46867764,84.12061433,175.91003418,-0.01582640,4.13058600,-87.88501110
38.96,2.45923476,84.12111094,175.95932007,-0.01555196,4.13567778,-87.83590678
39.00,2.45234888,84.12269997,176.08274841,-0.01555196,4.14771224,-87.71305197
39.06,2.44540398,84.12606325,176.32922363,-0.01482005,4.17254406,-87.46784167
39.10,2.44540398,84.12606325,176.37948608,-0.01448462,4.17779493,-87.41808279
39.16,2.42792070,84.13430931,176.52780151,-0.01347832,4.19332174,-87.27052632
39.20,2.42130386,84.13842123,176.67515564,-0.01259400,4.20866639,-87.12384215
39.26,2.41917811,84.14137923,176.79858398,-0.01228906,4.22105480,-87.00106329
39.31,2.40941539,84.14361077,176.89665222,-0.01207560,4.23086530,-86.90372874
39.36,2.40343353,84.14733942,177.01911926,-0.01192313,4.24305883,-86.78142746
39.40,2.39216891,84.15238542,177.16606140,-0.01174020,4.25765246,-86.63573591
39.46,2.39289559,84.15541580,177.31195068,-0.01100834,4.27279475,-86.49064319
39.50,2.38594018,84.15747477,177.35975647,-0.01079488,4.27772317,-86.44308100
39.56,2.37962165,84.15725033,177.45733643,-0.01091686,4.28725614,-86.34606123
39.61,2.37341709,84.16036042,177.72178650,-0.01109982,4.31327818,-86.08233639
39.66,2.37341709,84.16036042,177.77058411,-0.01116081,4.31803848,-86.03400737
39.70,2.36566419,84.16104966,177.81887817,-0.01119130,4.32281233,-85.98574300
39.76,2.36535584,84.16442662,177.91450500,-0.01109982,4.33234335,-85.89058751
39.80,2.35578247,84.16577366,178.17903137,-0.01076444,4.35879709,-85.62762879
39.86,2.35578247,84.16577366,178.20245361,-0.01070345,4.36118189,-85.60420841
39.91,2.35724362,84.16582876,178.27416992,-0.01030703,4.36857461,-85.53326388
39.96,2.35076562,84.17368586,178.53569031,-0.00893479,4.39567370,-85.27305404
40.00,2.35076562,84.17368586,178.55911255,-0.00881282,4.39810481,-85.24970266
40.06,2.35180036,84.17522831,178.67767334,-0.00798947,4.41057611,-85.13164167
40.10,2.34717345,84.17942646,178.72451782,-0.00780651,4.41537989,-85.08490020
40.16,2.34621811,84.18180857,178.98748779,-0.00554994,4.44343966,-84.82385577
40.20,2.34398965,84.18294471,179.08215332,-0.00490956,4.45342554,-84.72953313
40.26,2.34371165,84.18519031,179.29641724,-0.00341533,4.47587616,-84.51648882
40.30,2.34371165,84.18519031,179.32130432,-0.00314089,4.47855189,-84.49218769
40.35,2.34506397,84.18446593,179.43888855,-0.00237854,4.49086955,-84.37480335
40.41,2.34665608,84.18468290,179.53451538,-0.00137223,4.50118279,-84.27998350
40.46,2.34611892,84.18593647,179.62965393,-0.00039642,4.51141555,-84.18603634
40.50,2.34715343,84.18635161,179.74772644,0.00121976,4.52460701,-84.06821665
40.56,2.34541371,84.18677207,179.86579895,0.00228705,4.53721629,-83.95098655
40.60,2.34619080,84.18804897,180.08096313,0.00353731,4.55952932,-83.73674034
40.66,2.34850717,84.18592811,180.17814636,0.00372026,4.56936796,-83.64000751
40.71,2.34942219,84.18398486,180.22546387,0.00381174,4.57421847,-83.59332278
40.75,2.35200929,84.17986165,180.32157898,0.00457409,4.58469407,-83.49770034
40.81,2.35209878,84.17802161,180.41622925,0.00500100,4.59473344,-83.40314509
40.86,2.35249709,84.17985398,180.53625488,0.00573286,4.60756174,-83.28425096
40.90,2.35456815,84.18507540,180.67921448,0.00744052,4.62375007,-83.14181960
40.96,2.35598117,84.19223927,180.82217407,0.00896521,4.63973686,-82.99976245
41.00,2.35968388,84.19991181,180.89389038,0.00969707,4.64766515,-82.92886421
41.06,2.36159299,84.22716263,181.13247681,0.01155720,4.67371031,-82.69107617
41.10,2.36159299,84.22716263,181.18183899,0.01170971,4.67895721,-82.64243246
41.15,2.36291557,84.24159865,181.22917175,0.01164872,4.68385325,-82.59547753
41.21,2.36579180,84.28149475,181.44628906,0.01079489,4.70585225,-82.37944713
41.26,2.37107436,84.31043314,181.59118652,0.00966661,4.71996257,-82.23527706
41.31,2.37396968,84.32887776,181.73609924,0.00823339,4.73380581,-82.09073476
41.36,2.37620923,84.35178832,181.78536987,0.00792845,4.73867548,-82.04180945
41.41,2.37785166,84.36725796,181.90734863,0.00722709,4.75078665,-81.92048217
41.45,2.38156625,84.39064702,182.05372620,0.00612930,4.76510172,-81.77481910
41.50,2.38434547,84.40222674,182.19920349,0.00515351,4.77933985,-81.62919108
41.56,2.38917719,84.41047933,182.24700928,0.00506203,4.78410864,-81.58176973
41.60,2.39319127,84.41523331,182.36947632,0.00420820,4.79575944,-81.46018729
41.66,2.39685796,84.42113758,182.51585388,0.00368979,4.81021586,-81.31469542
41.70,2.39910624,84.42417638,182.66174316,0.00347634,4.82496480,-81.16924453
41.76,2.40213246,84.42189801,182.71101379,0.00338485,4.82991412,-81.12039866
41.81,2.40448017,84.41871133,182.83250427,0.00341535,4.84237074,-80.99961799
41.86,2.41033067,84.41439110,182.97839355,0.00365930,4.85757355,-80.85417524
41.90,2.41339474,84.41583043,183.12426758,0.00399474,4.87282774,-80.70917264
41.96,2.41709795,84.41841186,183.17265320,0.00442162,4.87801243,-80.66073298
42.00,2.42112768,84.42152257,183.29461670,0.00567187,4.89080624,-80.53980175
42.06,2.43024118,84.43056330,183.56297302,0.00792842,4.91850768,-80.27284046
42.11,2.43397389,84.43195582,183.66250610,0.00875175,4.92877796,-80.17388445
42.16,2.44666200,84.43785949,183.85864258,0.01027645,4.94889370,-79.97883395
42.20,2.45085961,84.44300431,183.98208618,0.01128275,4.96160844,-79.85612037
42.25,2.45085961,84.44300431,184.03135681,0.01164867,4.96664291,-79.80690369
42.30,2.45628114,84.45553905,184.13040161,0.01228905,4.97665002,-79.70883885
42.36,2.46209239,84.46655064,184.22854614,0.01335644,4.98669497,-79.61066777
42.41,2.46508772,84.47480693,184.35296631,0.01463720,4.99928008,-79.48693578
42.46,2.47331088,84.48579245,184.50178528,0.01622290,5.01437986,-79.33903990
42.50,2.47882631,84.49533219,184.65058899,0.01796106,5.02963065,-79.19106258
42.55,2.48567692,84.51222591,184.85014343,0.02033961,5.05015261,-78.99253820
42.61,2.49089921,84.52420178,184.89991760,0.02082751,5.05516976,-78.94307745
42.66,2.49527659,84.54412862,184.97456360,0.02177283,5.06292179,-78.86843261
42.71,2.50085123,84.55781088,185.10044861,0.02338902,5.07594017,-78.74373569
42.76,2.50704909,84.57719527,185.25225830,0.02445618,5.09077412,-78.59256401
42.80,2.51134233,84.59024211,185.40447998,0.02540149,5.10548232,-78.44108458
42.86,2.51719844,84.60473997,185.45571899,0.02564544,5.11034903,-78.39026988
42.91,2.52134682,84.61871862,185.58207703,0.02652977,5.12267395,-78.26431900
42.96,2.52949586,84.64207592,185.73527527,0.02729212,5.13727865,-78.11181447
43.01,2.53466203,84.65633083,185.88946533,0.02771903,5.15163322,-77.95857806
43.06,2.53986079,84.67327579,185.94117737,0.02759706,5.15620231,-77.90675777
43.11,2.54496610,84.68856542,186.07095337,0.02756656,5.16789161,-77.77799526
43.16,2.55236155,84.71921706,186.32817078,0.02866425,5.19192053,-77.52105549
43.20,2.56023738,84.73692733,186.48332214,0.02921314,5.20613786,-77.36691244
43.26,2.56511649,84.74781618,186.58578491,0.02964006,5.21565748,-77.26452871
43.31,2.56511649,84.74781618,186.63749695,0.02964006,5.22025184,-77.21293933
43.36,2.57633440,84.77760632,186.81802368,0.03031092,5.23688519,-77.03297682
43.41,2.58203169,84.80184275,186.97366333,0.03098179,5.25130159,-76.87816861
43.46,2.58724893,84.82235767,187.07710266,0.03150018,5.26092084,-76.77561204
43.50,2.59114589,84.83691193,187.20599365,0.03259811,5.27323965,-76.64701853
43.56,2.59923761,84.85605157,187.36114502,0.03381788,5.28758547,-76.49243618
43.61,2.60463323,84.87347335,187.46458435,0.03436677,5.29691091,-76.38923835
43.66,2.60962260,84.89049445,187.59484863,0.03543406,5.30901032,-76.25958371
43.70,2.61737976,84.91467374,187.75146484,0.03647086,5.32332679,-76.10344438
43.76,2.62212348,84.93191671,187.85539246,0.03698925,5.33261483,-76.00035491
43.81,2.62881480,84.95025218,187.95979309,0.03769062,5.34214814,-75.89648674
43.86,2.63288035,84.96457701,188.09007263,0.03830050,5.35380405,-75.76657695
43.91,2.64037555,84.98767363,188.24774170,0.03936782,5.36792144,-75.60992367
43.96,2.64500191,85.00481202,188.40533447,0.04080104,5.38235781,-75.45329187
44.01,2.65069845,85.02532882,188.45755005,0.04138042,5.38730265,-75.40065043
44.06,2.65755502,85.04371336,188.58879089,0.04269167,5.39941679,-75.27017227
44.10,2.66187871,85.05751893,188.72003174,0.04400291,5.41157233,-75.13956885
44.16,2.66849712,85.07896272,188.87860107,0.04540564,5.42605147,-74.98184747
44.21,2.67395530,85.09758566,189.03717041,0.04680836,5.44056700,-74.82363319
44.26,2.67997603,85.11527053,189.09085083,0.04726578,5.44543872,-74.77041189
44.30,2.68435359,85.14087085,189.19630432,0.04839417,5.45530249,-74.66514130
44.36,2.69026113,85.15903488,189.33000183,0.04915652,5.46711554,-74.53156482
44.40,2.69564945,85.18584871,189.49150085,0.04967492,5.48097637,-74.37083832
44.46,2.70100322,85.20154590,189.65298462,0.05028480,5.49488683,-74.21011002
44.51,2.71403726,85.23342015,189.84083557,0.05110814,5.51123376,-74.02267832
44.56,2.72354511,85.25645906,190.00331116,0.05184000,5.52536272,-73.86126064
44.61,2.72806283,85.27227723,190.16586304,0.05235795,5.53931696,-73.69889388
44.66,2.73271707,85.28815372,190.22050476,0.05275437,5.54418437,-73.64458557
44.70,2.74090087,85.30706221,190.32929993,0.05281536,5.55318300,-73.53594306
44.76,2.74529256,85.31880560,190.46591187,0.05333375,5.56488204,-73.39968036
44.81,2.75544915,85.33546823,190.63082886,0.05354721,5.57857977,-73.23566732
44.86,2.76759072,85.36400599,190.85234070,0.05293733,5.59611237,-73.01493936
44.91,2.76759072,85.36400599,190.90747070,0.05266289,5.60037785,-72.95970515
44.96,2.77516418,85.38274761,190.99041748,0.05254091,5.60708571,-72.87686685
45.00,2.78021340,85.40364808,191.12947083,0.05272388,5.61861137,-72.73862971
45.06,2.78716590,85.41945312,191.26811218,0.05257197,5.62965566,-72.59994404
45.11,2.79467519,85.43899872,191.43595886,0.05217554,5.64268106,-72.43267113
45.16,2.80004918,85.45235437,191.60427856,0.05150468,5.65548490,-72.26474597
45.20,2.80635036,85.46655235,191.66088867,0.05098627,5.65949708,-72.20845570
45.26,2.81984293,85.49679786,191.91459656,0.05001046,5.67882117,-71.95544902
45.31,2.82658536,85.50884314,192.05560303,0.04988848,5.68998547,-71.81480425
45.36,2.83630233,85.52893677,192.22595215,0.04927819,5.70286153,-71.64522804
45.41,2.84313290,85.54388998,192.33963013,0.04839387,5.71092450,-71.53169989
45.46,2.84702857,85.55592632,192.51089478,0.04775350,5.72374792,-71.36091853
45.51,2.85711017,85.57123916,192.65383911,0.04763152,5.73484729,-71.21860904
45.56,2.86311192,85.58291491,192.76898193,0.04671670,5.74299877,-71.10348406
45.61,2.87149395,85.59104012,192.91242981,0.04650325,5.75407067,-70.96048286
45.66,2.88169480,85.60363939,193.08563232,0.04571040,5.76687748,-70.78785738
45.70,2.88947975,85.61320055,193.20184326,0.04482622,5.77510762,-70.67210771
45.76,2.90228766,85.62567707,193.31747437,0.04439931,5.78374365,-70.55677999
45.81,2.90945142,85.63466161,193.46287537,0.04345399,5.79418569,-70.41201907
45.86,2.92113275,85.64749291,193.63705444,0.04278312,5.80722004,-70.23790024
45.90,2.93087309,85.65322518,193.75366211,0.04244769,5.81605408,-70.12141611
45.96,2.93710836,85.65740929,193.90101624,0.04153287,5.82666228,-69.97496205
46.01,2.95194915,85.66556491,194.07763672,0.04064854,5.83965785,-69.79859456
46.06,2.97061717,85.67533654,194.31434631,0.03985555,5.85756480,-69.56277187
46.11,2.97061717,85.67533654,194.37338257,0.03936765,5.86182664,-69.50355680
46.16,2.98097370,85.67579057,194.46217346,0.03884925,5.86839462,-69.41466452
46.20,2.98737096,85.67716819,194.61148071,0.03781246,5.87923282,-69.26610076
46.26,3.00088973,85.67788734,194.79005432,0.03689764,5.89254874,-69.08814195
46.31,3.01776694,85.67949548,195.02912903,0.03595233,5.91066587,-68.84937635
46.35,3.01776694,85.67949548,195.08914185,0.03558640,5.91507848,-68.78962181
46.40,3.02854928,85.68072514,195.14962769,0.03525097,5.91949472,-68.72984244
46.46,3.03555956,85.68254905,195.30047607,0.03439733,5.93104341,-68.57944015
46.50,3.04960419,85.68137462,195.48149109,0.03308609,5.94458763,-68.39873800
46.56,3.05784952,85.67872272,195.66348267,0.03146990,5.95791986,-68.21716273
46.60,3.06835331,85.67695251,195.72447205,0.03082953,5.96228807,-68.15646597
46.66,3.08971294,85.67134759,196.06161499,0.02768864,5.98682242,-67.81995027
46.70,3.09935326,85.67060003,196.18464661,0.02677371,5.99601899,-67.69740050
46.76,3.10860548,85.66853403,196.30809021,0.02576741,6.00527539,-67.57457891
46.81,3.11815720,85.66446892,196.43103027,0.02445617,6.01421068,-67.45179254
46.86,3.12653448,85.65926159,196.58619690,0.02323641,6.02589300,-67.29706639
46.91,3.13682142,85.64762124,196.77207947,0.02158973,6.03974916,-67.11125587
46.96,3.14506856,85.64194652,196.95993042,0.02030898,6.05406249,-66.92441874
47.00,3.15617152,85.63374994,197.02285767,0.02009553,6.05904066,-66.86188596
47.06,3.16660652,85.62998523,197.17907715,0.01976008,6.07170407,-66.70570017
47.10,3.17629171,85.62677824,197.33666992,0.01936365,6.08415530,-66.54875638
47.16,3.18628618,85.62352085,197.52548218,0.01908921,6.09933390,-66.36013212
47.21,3.19337387,85.62101209,197.71626282,0.01854032,6.11431390,-66.17025774
47.25,3.20163307,85.61615255,197.77967834,0.01832686,6.11930206,-66.10687521
47.30,3.20962570,85.61140006,197.93922424,0.01793044,6.13193427,-65.94770306
47.36,3.23329716,85.60000978,198.29353333,0.01658884,6.15940240,-65.59511170
47.40,3.23329716,85.60000978,198.32572937,0.01646686,6.16190719,-65.56285771
47.46,3.24212489,85.59520394,198.48771667,0.01600945,6.17456885,-65.40158099
47.50,3.25178806,85.59102649,198.55261230,0.01582648,6.17962644,-65.33680334
47.56,3.26954730,85.57709667,198.90975952,0.01454573,6.20727776,-64.98094566
47.60,3.26954730,85.57709667,198.94244385,0.01442375,6.20982781,-64.94837639
47.66,3.28552784,85.56505451,199.17135620,0.01335634,6.22734591,-64.72019745
47.71,3.29413074,85.55938704,199.30210876,0.01222807,6.23731134,-64.58937648
47.76,3.30073374,85.55554914,199.46604919,0.01106930,6.25004458,-64.42553734
47.80,3.30736096,85.55039108,199.63143921,0.00978855,6.26265905,-64.26144805
47.86,3.31486338,85.54012675,199.82904053,0.00811139,6.27774945,-64.06377372
47.90,3.32320010,85.53078077,200.02810669,0.00646472,6.29290534,-63.86553222
47.96,3.34097797,85.50589373,200.22724915,0.00463509,6.30821517,-63.66663086
48.00,3.34816366,85.49254375,200.39411926,0.00274446,6.32099176,-63.50037169
48.06,3.34816366,85.49254375,200.46096802,0.00213458,6.32626934,-63.43372402
48.10,3.35826371,85.47392570,200.59416199,0.00070136,6.33654602,-63.30090735
48.16,3.37583496,85.44295557,200.86225891,-0.00152470,6.35788622,-63.03363102
48.21,3.38470089,85.42843072,201.03059387,-0.00289693,6.37134442,-62.86584413
48.26,3.39803194,85.40559661,201.23339844,-0.00436065,6.38763363,-62.66365511
48.30,3.40624914,85.39134988,201.36903381,-0.00524497,6.39855998,-62.52841788
48.36,3.41244278,85.38040146,201.50540161,-0.00558041,6.41008428,-62.39268725
48.40,3.42246684,85.36824778,201.64176941,-0.00588535,6.42169969,-62.25661459
48.45,3.42845604,85.35484571,201.81277466,-0.00597683,6.43649211,-62.08620657
48.50,3.43808923,85.33422552,202.01867676,-0.00631226,6.45408234,-61.88128062
48.56,3.45276488,85.30250051,202.29344177,-0.00649521,6.47769586,-61.60756203
48.60,3.45276488,85.30250051,202.39639282,-0.00643422,6.48661745,-61.50479477
48.66,3.46065999,85.29121836,202.46519470,-0.00625126,6.49271511,-61.43625657
48.70,3.47332061,85.27415344,202.67132568,-0.00567187,6.51097332,-61.23116379
48.76,3.47936857,85.26413214,202.87796021,-0.00503150,6.52939249,-61.02520403
48.80,3.48616265,85.25095159,202.94674683,-0.00463508,6.53571399,-60.95665594
48.86,3.49514166,85.23593761,203.08555603,-0.00439113,6.54784518,-60.81850133
48.91,3.51015411,85.20915879,203.43498230,-0.00494004,6.57827158,-60.47038619
48.96,3.51828275,85.20204904,203.64575195,-0.00554993,6.59651705,-60.26037941
49.00,3.52566263,85.20411446,203.78675842,-0.00561091,6.60905812,-60.11992001
49.06,3.53254833,85.21369179,203.92776489,-0.00573289,6.62154758,-59.97946455
49.11,3.54045405,85.23089368,204.06877136,-0.00582437,6.63403882,-59.83896861
49.16,3.54935573,85.24642658,204.24546814,-0.00606831,6.64990792,-59.66301646
49.21,3.55970792,85.26958141,204.45819092,-0.00704412,6.66868316,-59.45117547
49.26,3.57632850,85.31011294,204.74264526,-0.00878228,6.69336971,-59.16768076
49.30,3.57632850,85.31011294,204.77850342,-0.00908722,6.69637471,-59.13208793
49.36,3.58191824,85.33474953,204.92121887,-0.01021550,6.70852684,-58.98978017
49.40,3.59284211,85.38207143,205.13687134,-0.01174020,6.72704062,-58.77481187
49.46,3.59930863,85.41736892,205.35357666,-0.01283802,6.74532019,-58.55912123
49.50,3.61579190,85.50572051,205.57069397,-0.01424075,6.76329044,-58.34276347
49.56,3.62199217,85.54512918,205.75146484,-0.01512507,6.77853225,-58.16264446
49.61,3.63104950,85.60150024,205.96760559,-0.01649731,6.79641650,-57.94713951
49.66,3.63731266,85.64583966,206.11227417,-0.01823547,6.80759827,-57.80284491
49.70,3.63731266,85.64583966,206.14813232,-0.01884536,6.81019772,-57.76695609
49.76,3.65347658,85.73780357,206.51170349,-0.02043106,6.83781908,-57.40503192
49.80,3.66203013,85.78358382,206.65710449,-0.02094946,6.84897957,-57.25975077
49.86,3.66203013,85.78358382,206.73004150,-0.02131539,6.85446402,-57.18707725
49.90,3.67130363,85.82288655,207.02131653,-0.02165083,6.87746812,-56.89695279
49.96,3.68449330,85.84648363,207.20484924,-0.02256562,6.89080902,-56.71399815
50.01,3.69246387,85.85753714,207.35072327,-0.02219969,6.90140882,-56.56847635
50.06,3.69713821,85.86985964,207.53393555,-0.02137635,6.91510535,-56.38565340
50.10,3.70707668,85.89109734,207.75373840,-0.02006510,6.93182140,-56.16654147
50.16,3.71196779,85.89664009,207.97402954,-0.01869287,6.94864519,-55.94699077
50.20,3.71813426,85.89257536,208.04745483,-0.01826595,6.95420519,-55.87397476
50.26,3.72556633,85.88657401,208.23171997,-0.01725964,6.96757729,-55.69022858
50.30,3.73063097,85.88566194,208.41712952,-0.01539950,6.98090918,-55.50509859
50.36,3.74240113,85.89374244,208.63911438,-0.01262454,6.99739294,-55.28379629
50.41,3.75521403,85.91118416,208.93600464,-0.00893476,7.01944727,-54.98776929
50.46,3.75521403,85.91118416,208.97357178,-0.00844685,7.02224132,-54.95041963
50.51,3.75889585,85.91611398,209.12190247,-0.00676968,7.03310673,-54.80228381
50.56,3.76110880,85.92134195,209.34568787,-0.00372027,7.04955971,-54.57950795
50.60,3.76889994,85.92854933,209.57035828,-0.00152470,7.06513235,-54.35536609
50.66,3.77766866,85.94093524,209.68307495,-0.00042692,7.07293203,-54.24276167
50.70,3.78743835,85.96591506,209.90921021,0.00186013,7.08871005,-54.01703928
50.76,3.79474141,85.98393517,210.13609314,0.00442163,7.10477974,-53.79071811
50.80,3.80330051,86.00056920,210.21179199,0.00530596,7.11033317,-53.71505478
50.86,3.81136270,86.00849251,210.40159607,0.00673918,7.12355582,-53.52577814
50.90,3.81690809,86.01170856,210.59114075,0.00777598,7.13639420,-53.33679035
50.96,3.83140189,86.00307298,210.96975708,0.00978859,7.16194734,-52.95889428
51.01,3.83140189,86.00307298,211.04513550,0.01000204,7.16685873,-52.88381760
51.06,3.83808726,85.99274198,211.12149048,0.01058143,7.17219556,-52.80740415
51.11,3.85140694,85.95245992,211.53970337,0.01082541,7.19984307,-52.39026516
51.16,3.85801271,85.92675673,211.69267273,0.01109986,7.21025204,-52.23756141
51.20,3.85801271,85.92675673,211.76902771,0.01109986,7.21526694,-52.16149413
51.26,3.86849815,85.86100245,212.11372375,0.01183172,7.23878572,-51.81736616
51.31,3.87140504,85.82699715,212.26799011,0.01174018,7.24935898,-51.66385026
51.36,3.87602484,85.78169023,212.42094421,0.01076438,7.25920354,-51.51076570
51.41,3.87867599,85.74891888,212.61415100,0.01045944,7.27254178,-51.31824490
51.46,3.88601650,85.70456239,212.84565735,0.01009351,7.28853082,-51.08741962
51.50,3.88843646,85.67786006,212.99960327,0.00981906,7.29914908,-50.93366780
51.56,3.89383222,85.62912053,213.34877014,0.00923971,7.32434261,-50.58560360
51.60,3.89403168,85.62145155,213.54319763,0.00875180,7.33877866,-50.39172057
51.66,3.90240850,85.59337115,213.73764038,0.00789797,7.35280097,-50.19787554
51.70,3.90878455,85.58506580,213.89328003,0.00750154,7.36436397,-50.04256082
51.76,3.91792633,85.57634682,214.04916382,0.00683067,7.37563590,-49.88708315
51.80,3.92604401,85.56987209,214.24464417,0.00615980,7.39046110,-49.69217642
51.86,3.93174313,85.55522225,214.47981262,0.00408620,7.40793033,-49.45776176
51.91,3.93834443,85.54199230,214.63691711,0.00207359,7.41897178,-49.30105721
51.96,3.93834443,85.54199230,214.71546936,0.00152470,7.42498929,-49.22262166
52.00,3.94424637,85.52711982,214.79450989,0.00030494,7.43033502,-49.14393883
52.06,3.95708255,85.48419993,215.22712708,-0.00506202,7.46123092,-48.71219100
52.11,3.96142925,85.46601282,215.46327209,-0.00823340,7.47866826,-48.47645072
52.16,3.96729869,85.44829590,215.54255676,-0.00917872,7.48461466,-48.39748898
52.20,3.97036408,85.42755098,215.70039368,-0.01113034,7.49639417,-48.24026587
52.26,3.97405477,85.40911257,215.89823914,-0.01320394,7.51160754,-48.04285934
52.30,3.97831837,85.39039031,216.09608459,-0.01509457,7.52694091,-47.84568211
52.36,3.97886869,85.35853544,216.33450317,-0.01750356,7.54554147,-47.60797293
52.40,3.98238183,85.31018933,216.65408325,-0.02061394,7.57079849,-47.28920536
52.46,3.98303348,85.28763388,216.85435486,-0.02235210,7.58682606,-47.08982550
52.50,3.98430653,85.28139227,217.01560974,-0.02387680,7.59959960,-46.92913758
52.56,3.99594139,85.22145150,217.25646973,-0.02588936,7.61909575,-46.68878202
52.60,3.99594139,85.22145150,217.33648682,-0.02665171,7.62549513,-46.60919381
52.66,4.00078083,85.19652994,217.45724487,-0.02759702,7.63541123,-46.48880285
52.71,4.00628764,85.15767225,217.69876099,-0.02973160,7.65498661,-46.24817778
52.76,4.01430726,85.10374516,218.02151489,-0.03253704,7.68121604,-45.92633817
52.80,4.01430726,85.10374516,218.14274597,-0.03351285,7.69114953,-45.80563295
52.86,4.01724575,85.08409397,218.22358704,-0.03415332,7.69786901,-45.72488503
52.90,4.02277701,85.05179998,218.46437073,-0.03549506,7.71854105,-45.48501010
52.96,4.02943348,85.02710340,218.70587158,-0.03668433,7.73943785,-45.24459521
53.00,4.03193102,85.00166345,218.82662964,-0.03723322,7.74993788,-45.12412389
53.06,4.03720326,84.96528038,219.10888672,-0.03881891,7.77414474,-44.84295545
53.11,4.04056758,84.93472767,219.31034851,-0.04009957,7.79170254,-44.64187592
53.16,4.04444277,84.90228390,219.43183899,-0.04083142,7.80236072,-44.52103745
53.21,4.04846799,84.87935332,219.63371277,-0.04250859,7.81965862,-44.31981649
53.26,4.05600207,84.82767032,220.03781128,-0.04452119,7.85559095,-43.91732264
53.30,4.05600207,84.82767032,220.11880493,-0.04507009,7.86265662,-43.83658378
53.36,4.05826868,84.80243967,220.19963074,-0.04540566,7.86999436,-43.75605932
53.41,4.06311392,84.74159233,220.64521790,-0.04876000,7.90988247,-43.31220185
53.46,4.06476719,84.71725867,220.84831238,-0.05034570,7.92797887,-43.10990985
53.51,4.06756396,84.68828822,220.97027588,-0.05113854,7.93904251,-42.98848387
53.56,4.06959965,84.66450928,221.17356873,-0.05220570,7.95768934,-42.78598514
53.61,4.07195619,84.62406150,221.41740417,-0.05351695,7.98025636,-42.54317723
53.66,4.07500903,84.56651198,221.74246216,-0.05549905,8.01012073,-42.21942388
53.70,4.07500903,84.56651198,221.78320312,-0.05577350,8.01382596,-42.17885828
53.76,4.07552492,84.53951429,221.94567871,-0.05674931,8.02876603,-42.01705952
53.80,4.07750454,84.51650433,222.14852905,-0.05757264,8.04780996,-41.81514133
53.86,4.07654457,84.49579332,222.35133362,-0.05778626,8.06714560,-41.61331341
53.91,4.07754951,84.47805324,222.55467224,-0.05815219,8.08634526,-41.41092415
53.96,4.08187665,84.45214043,222.79763794,-0.05809120,8.10975220,-41.16918955
54.01,4.08327984,84.43313026,223.04074097,-0.05806071,8.13319562,-40.92711399
54.06,4.08520905,84.41690484,223.12173462,-0.05787775,8.14114357,-40.84660147
54.11,4.08508213,84.39773355,223.28526306,-0.05729825,8.15733065,-40.68381771
54.16,4.08526309,84.37702212,223.48994446,-0.05595652,8.17811877,-40.48024671
54.21,4.08443911,84.36038701,223.69485474,-0.05430984,8.19922465,-40.27647181
54.26,4.08462979,84.33557587,223.94027710,-0.05318156,8.22366888,-40.03222630
54.31,4.08674140,84.32233081,224.18565369,-0.05238859,8.24776405,-39.78808028
54.35,4.08704343,84.31125390,224.26737976,-0.05248007,8.25550475,-39.70674820
54.41,4.08864662,84.28367115,224.71722412,-0.05110784,8.29996087,-39.25914963
54.46,4.08653101,84.26587337,225.00398254,-0.05004055,8.32851439,-38.97372431
54.51,4.08059866,84.25035540,225.16767883,-0.04912573,8.34510050,-38.81087909
54.56,4.08059866,84.25035540,225.20837402,-0.04909542,8.34907087,-38.77030801
54.60,4.05521247,84.23624537,225.33047485,-0.04869900,8.36127526,-38.64878696
54.66,3.92479315,84.21682366,225.69262695,-0.04683886,8.39820141,-38.28855214
54.71,3.71033470,84.19114679,226.00500488,-0.04564959,8.42962645,-37.97775964
54.76,3.71033470,84.19114679,226.04257202,-0.04568008,8.43324071,-37.94029447
54.80,3.59613755,84.17809372,226.19256592,-0.04543613,8.44801066,-37.79099425
54.86,3.42108013,84.16263645,226.40858459,-0.04503970,8.46940121,-37.57602652
54.90,3.27048109,84.15637429,226.61422729,-0.04458229,8.48980830,-37.37155255
54.96,3.14980130,84.15392144,226.71278381,-0.04436883,8.49961091,-37.27335729
55.01,2.97035735,84.14570081,226.90197754,-0.04403340,8.51831197,-37.08507578
55.06,2.71032529,84.13360600,227.13702393,-0.04369796,8.54145582,-36.85123901
55.10,2.71032529,84.13360600,227.16569519,-0.04375895,8.54419703,-36.82269078
55.16,2.59664856,84.12726156,227.27554321,-0.04278313,8.55564400,-36.71345719
55.20,2.42453905,84.11854968,227.43179321,-0.04189881,8.57139436,-36.55809450
55.26,2.31136986,84.11204590,227.57792664,-0.04086201,8.58634274,-36.41265498
55.30,2.16839304,84.10349447,227.62416077,-0.04095349,8.59066138,-36.36651259
55.36,2.02513784,84.09683731,227.81919861,-0.04016064,8.61001184,-36.17255181
55.40,1.88054094,84.09387624,227.89848328,-0.03958126,8.61813422,-36.09373336
55.46,1.76538606,84.09087173,227.93617249,-0.03973373,8.62158185,-36.05614542
55.51,1.50619587,84.08537955,228.09339905,-0.03955077,8.63674279,-35.89961752
55.56,1.33110752,84.07999571,228.18545532,-0.03921531,8.64573343,-35.80832028
55.60,1.33110752,84.07999571,228.19996643,-0.03857493,8.64767999,-35.79388418
55.66,1.07572226,84.07570509,228.29095459,-0.03778209,8.65670800,-35.70334060
55.70,0.97356603,84.07588335,228.34852600,-0.03686727,8.66283638,-35.64610086
55.76,0.84168450,84.07608226,228.40853882,-0.03631838,8.66879876,-35.58638802
55.81,0.76988530,84.07712114,228.46063232,-0.03595245,8.67386855,-35.53460680
55.86,0.69427943,84.07755783,228.47599792,-0.03625739,8.67497619,-35.51915084
55.90,0.64328938,84.07798774,228.51210022,-0.03586097,8.67862642,-35.48325286
55.96,0.58070471,84.07635982,228.55064392,-0.03570849,8.68224892,-35.44500373
56.00,0.54483631,84.07455576,228.58442688,-0.03583047,8.68519278,-35.41128183
56.06,0.50505668,84.07235525,228.59492493,-0.03576948,8.68620256,-35.40081447
56.10,0.47580017,84.07016825,228.62028503,-0.03662332,8.68765403,-35.37550157
56.16,0.43397434,84.07387558,228.64773560,-0.03650134,8.69025755,-35.34819110
56.20,0.40647717,84.07583142,228.67225647,-0.03622689,8.69273041,-35.32382288
56.26,0.37298043,84.08024708,228.67944336,-0.03586097,8.69377097,-35.31660109
56.30,0.34556881,84.08483466,228.69763184,-0.03628788,8.69498386,-35.29840895
56.36,0.27811311,84.08513830,228.72921753,-0.03729418,8.69684443,-35.26684937
56.40,0.27811311,84.08513830,228.73483276,-0.03738567,8.69723888,-35.26139124
56.46,0.21558351,84.08120804,228.75117493,-0.03845296,8.69767466,-35.24495530
56.50,0.21558351,84.08120804,228.75459290,-0.03866642,8.69776296,-35.24148922
56.56,0.14913930,84.08667015,228.76763916,-0.04000815,8.69761298,-35.22841343
56.61,0.12182253,84.08867419,228.77459717,-0.04000815,8.69823853,-35.22153729
56.66,0.09010622,84.08906463,228.77581787,-0.03982519,8.69853454,-35.22026115
56.71,0.05299906,84.08946361,228.78092957,-0.04031309,8.69850223,-35.21514846
56.75,0.03198562,84.09039069,228.78056335,-0.03991667,8.69886001,-35.21558703
56.80,0.02681287,84.09263159,228.78007507,-0.03982519,8.69893941,-35.21597867
56.86,0.04444963,84.09580166,228.77922058,-0.03997766,8.69870153,-35.21686985
56.90,0.05032574,84.09654020,228.77557373,-0.03985568,8.69849149,-35.22052224
56.96,0.04151205,84.09863551,228.77130127,-0.04016062,8.69779717,-35.22467825
57.00,0.03306509,84.10042265,228.76812744,-0.04064853,8.69702266,-35.22797154
57.06,0.03024235,84.10114832,228.76690674,-0.04064853,8.69690946,-35.22911542
57.10,0.03133449,84.09921179,228.76544189,-0.04128890,8.69611781,-35.23053935
57.16,0.03255718,84.09458998,228.76275635,-0.04046556,8.69672657,-35.23315720
57.20,0.03254935,84.09642064,228.76202393,-0.04058754,8.69653386,-35.23389706
57.26,0.03190063,84.09982167,228.76116943,-0.04064853,8.69640060,-35.23470907
57.31,0.03182153,84.09950379,228.76019287,-0.04000815,8.69693428,-35.23591607
57.36,0.03194620,84.09820859,228.75872803,-0.03970321,8.69709844,-35.23737685
57.40,0.03166228,84.09578909,228.75801086,-0.03964223,8.69710822,-35.23812382
57.46,0.03051442,84.09468148,228.75569153,-0.03961173,8.69691351,-35.24038904
57.50,0.03089741,84.09513351,228.75508118,-0.03924580,8.69723104,-35.24102233
57.56,0.03300803,84.09480163,228.75410461,-0.03927629,8.69711032,-35.24197273
57.60,0.03240077,84.09235026,228.75398254,-0.03784308,8.69854262,-35.24220506
57.66,0.03240077,84.09235026,228.75386047,-0.03698925,8.69936530,-35.24232794
57.71,0.02962111,84.08989522,228.75349426,-0.03668430,8.69962925,-35.24281551
57.76,0.02874717,84.09041015,228.75312805,-0.03640986,8.69988268,-35.24327568
57.80,0.02954945,84.08943204,228.75300598,-0.03534257,8.70091791,-35.24343493
57.86,0.03126420,84.08816815,228.75288391,-0.03479367,8.70147988,-35.24363652
57.90,0.03217406,84.08374965,228.75239563,-0.03381786,8.70238529,-35.24414116
57.96,0.03120016,84.08198215,228.75190735,-0.03311650,8.70305468,-35.24472957
58.01,0.02853296,84.08181763,228.75141907,-0.03244564,8.70365399,-35.24533618
58.06,0.02734703,84.08250812,228.75105286,-0.03140884,8.70468009,-35.24563414
58.11,0.02626880,84.08194315,228.75141907,-0.02970117,8.70639371,-35.24552232
58.16,0.02656803,84.08159888,228.75178528,-0.02811548,8.70802244,-35.24525457
58.20,0.02714940,84.07988626,228.75227356,-0.02717017,8.70898244,-35.24499069
58.26,0.02914310,84.07892766,228.75190735,-0.02689572,8.70924866,-35.24528369
58.31,0.03098209,84.07812076,228.75227356,-0.02555399,8.71059895,-35.24510000
58.36,0.03174728,84.07454026,228.75276184,-0.02503559,8.71118321,-35.24454515
58.41,0.03044158,84.07313964,228.75386047,-0.02500509,8.71130397,-35.24343161
58.46,0.02500500,84.07166089,228.75410461,-0.02534053,8.71098682,-35.24320908
58.50,0.02277982,84.07275576,228.75434875,-0.02521855,8.71113456,-35.24292122
58.56,0.02277982,84.07275576,228.75556946,-0.02427324,8.71218626,-35.24181261
58.60,0.02102308,84.07329026,228.75642395,-0.02366336,8.71288816,-35.24107292
58.66,0.02079351,84.07424388,228.75715637,-0.02305348,8.71353477,-35.24044593
58.70,0.02134596,84.07483429,228.75885010,-0.02162026,8.71514152,-35.23880011
58.76,0.02252576,84.07231983,228.76031494,-0.02073593,8.71612710,-35.23744893
58.81,0.02176350,84.07178040,228.76287842,-0.01966864,8.71742746,-35.23505139
58.86,0.02012014,84.07027300,228.76348877,-0.01963815,8.71751786,-35.23440713
58.90,0.01746139,84.07117887,228.76495361,-0.01902827,8.71826267,-35.23288392
58.96,0.01346477,84.07026010,228.76702881,-0.01817444,8.71930429,-35.23095373
59.00,0.01160000,84.07027918,228.76812744,-0.01786949,8.71970915,-35.22999188
59.06,0.01100636,84.06841163,228.76898193,-0.01750357,8.72013808,-35.22910955
59.11,0.01245552,84.06837215,228.77093506,-0.01622282,8.72160417,-35.22725120
59.16,0.01691774,84.06529914,228.77374268,-0.01482009,8.72326342,-35.22460959
59.20,0.02004121,84.06403799,228.77532959,-0.01430169,8.72391011,-35.22309745
59.26,0.02567041,84.06321170,228.77922058,-0.01271601,8.72584785,-35.21931036
59.30,0.02767020,84.06125675,228.78227234,-0.01170970,8.72711707,-35.21645686
59.36,0.02767020,84.06125675,228.78263855,-0.01195366,8.72689967,-35.21597476
59.41,0.03136144,84.05930725,228.78556824,-0.01088636,8.72824244,-35.21322725
59.46,0.03380133,84.05942778,228.78752136,-0.01055093,8.72875392,-35.21123487
59.50,0.03712479,84.05742761,228.79057312,-0.00960562,8.72997231,-35.20834251
59.56,0.04346585,84.05388660,228.79606628,-0.00881277,8.73125089,-35.20292143
59.60,0.04346585,84.05388660,228.79740906,-0.00835536,8.73183513,-35.20155258
59.66,0.04938522,84.05199381,228.80166626,-0.00783696,8.73273887,-35.19742728
59.71,0.05412227,84.04975399,228.80557251,-0.00731856,8.73358905,-35.19356193
59.76,0.05412227,84.04975399,228.80618286,-0.00744054,8.73353950,-35.19305697
59.80,0.06005631,84.04831223,228.81143188,-0.00652572,8.73491416,-35.18786849
59.86,0.06292297,84.04682006,228.81497192,-0.00649523,8.73526430,-35.18436288
59.90,0.06292297,84.04682006,228.81668091,-0.00622078,8.73570755,-35.18256597
59.96,0.06990064,84.04247445,228.82337952,-0.00542794,8.73711476,-35.17592155
60.01,0.07330007,84.04201403,228.82679749,-0.00521448,8.73759465,-35.17270558
60.06,0.07660026,84.03891792,228.83143616,-0.00469608,8.73855450,-35.16802479
60.10,0.07660026,84.03891792,228.83216858,-0.00475707,8.73855698,-35.16726720
60.16,0.08430480,84.03788095,228.84350586,-0.00314088,8.74118043,-35.15615289
60.21,0.08851271,84.03546776,228.84521484,-0.00329335,8.74120419,-35.15447531
60.26,0.09092425,84.03408605,228.85095215,-0.00259199,8.74241439,-35.14874889
60.31,0.09586391,84.03264488,228.85801697,-0.00204310,8.74359770,-35.14177249
60.36,0.09779458,84.03075557,228.86521912,-0.00137223,8.74491143,-35.13467477
60.40,0.10133869,84.02777321,228.86790466,-0.00094531,8.74558280,-35.13207801
60.46,0.10426145,84.02685897,228.87351990,-0.00064037,8.74640839,-35.12645783
60.51,0.10826638,84.02691748,228.88095093,-0.00006099,8.74763376,-35.11919452
60.56,0.11186644,84.02411167,228.88815308,0.00045741,8.74879806,-35.11210005
60.61,0.11507259,84.02370844,228.89047241,0.00073186,8.74928620,-35.10973718
60.66,0.11819577,84.02209842,228.89656067,0.00152470,8.75064348,-35.10377076
60.70,0.12274808,84.01894373,228.90412903,0.00222606,8.75200736,-35.09630342
60.76,0.12578752,84.01836973,228.91218567,0.00286644,8.75338419,-35.08828511
60.80,0.13082389,84.01601902,228.91487122,0.00280545,8.75355967,-35.08577867
60.86,0.13832227,84.01371202,228.92913818,0.00429966,8.75635306,-35.07165899
60.91,0.14279671,84.01141401,228.93778992,0.00512300,8.75794163,-35.06303641
60.96,0.14605321,84.01015105,228.94364929,0.00536695,8.75873473,-35.05722361
61.00,0.14605321,84.01015105,228.94670105,0.00564139,8.75928406,-35.05422221
61.06,0.15457222,84.00888818,228.95767212,0.00649523,8.76112164,-35.04328999
61.11,0.16012308,84.00642372,228.96743774,0.00756252,8.76305802,-35.03384346
61.15,0.16382543,84.00602042,228.97366333,0.00808091,8.76415944,-35.02748409
61.20,0.16818826,84.00342808,228.98048401,0.00902623,8.76570370,-35.02091349
61.26,0.17145740,84.00010029,228.98915100,0.00957512,8.76703353,-35.01230891
61.31,0.17630045,83.99814231,229.00012207,0.01055093,8.76899160,-35.00148471
61.36,0.18040277,83.99630012,229.01123047,0.01143526,8.77087798,-34.99037218
61.41,0.18535587,83.99274159,229.01707458,0.01183168,8.77180632,-34.98470645
61.46,0.18868439,83.99268591,229.02708435,0.01253304,8.77339910,-34.97478808
61.50,0.19321118,83.98998844,229.03939819,0.01314292,8.77512160,-34.96264724
61.56,0.19721970,83.99107845,229.05184937,0.01378330,8.77689316,-34.95025544
61.60,0.20077612,83.98844012,229.05598450,0.01411873,8.77761870,-34.94606929
61.66,0.20451222,83.98574001,229.06623840,0.01457614,8.77900319,-34.93587788
61.71,0.20840166,83.98321404,229.08526611,0.01573491,8.78186512,-34.91720346
61.76,0.21560891,83.98085277,229.09806824,0.01603985,8.78331638,-34.90447381
61.80,0.21560891,83.98085277,229.10234070,0.01616183,8.78383130,-34.90012492
61.86,0.21875514,83.97975546,229.10673523,0.01628381,8.78434515,-34.89577772
61.91,0.22358108,83.97894453,229.11563110,0.01646677,8.78533573,-34.88697641
61.96,0.22778712,83.97790047,229.13819885,0.01692418,8.78784521,-34.86448095
62.01,0.23155306,83.97497446,229.14283752,0.01704616,8.78836266,-34.85986633
62.06,0.23954208,83.96982742,229.15917969,0.01756456,8.79037617,-34.84368289
62.11,0.24337449,83.96707781,229.17564392,0.01847938,8.79275489,-34.82737635
62.16,0.24987687,83.96450026,229.18524170,0.01896724,8.79410842,-34.81773727
62.20,0.25435859,83.96283439,229.19512939,0.01948564,8.79546509,-34.80795972
62.26,0.25892912,83.95927787,229.20756531,0.02003453,8.79712281,-34.79565800
62.30,0.26499226,83.95812198,229.22256470,0.02049194,8.79889649,-34.78065353
62.36,0.27489724,83.95152788,229.24330139,0.02104083,8.80126523,-34.76016067
