0.00,0.01015068,56.22672653,0.65890735,-6.09795808,-207.12429758
0.05,0.01076838,56.21501732,0.67702061,-6.06380236,-207.15140271
0.10,0.01076838,56.20330811,0.69513386,-6.06380236,-207.15140271
0.15,0.00505400,56.17793846,0.69110870,-6.07608793,-207.20229968
0.20,0.00505400,56.15256882,0.68708354,-6.07608793,-207.20229968
0.25,0.06747120,56.16622925,0.68385121,-6.08001417,-207.17162975
0.30,0.06747120,56.17988968,0.68061888,-6.08001417,-207.17162975
0.36,0.01717463,56.19159889,0.66665277,-6.10604593,-207.14785178
0.40,0.01717463,56.20330811,0.65268666,-6.10604593,-207.14785178
0.45,0.02149685,56.22087288,0.68208256,-6.04452474,-207.11578919
0.50,0.02149685,56.23843765,0.71147847,-6.04452474,-207.11578919
0.55,0.02971224,56.21501923,0.71666241,-6.03800295,-207.16325898
0.60,0.02971224,56.19160080,0.72184634,-6.03800295,-207.16325898
0.65,0.02991764,56.18184280,0.67549595,-6.13197265,-207.17438647
0.70,0.02991764,56.17208481,0.62914556,-6.13197265,-207.17438647
0.75,0.00627052,56.18379402,0.64433140,-6.09985058,-207.15463014
0.80,0.00627052,56.19550323,0.65951723,-6.09985058,-207.15463014
0.85,0.05807461,56.19940567,0.66342044,-6.09122293,-207.14545830
0.90,0.05807461,56.20330811,0.66732365,-6.09122293,-207.14545830
0.95,0.01074646,56.20916367,0.63341469,-6.15791261,-207.12858863
1.00,0.01074646,56.21501923,0.59950572,-6.15791261,-207.12858863
1.05,0.01881173,56.20916367,0.62176609,-6.11470014,-207.14647852
1.10,0.01881173,56.20330811,0.64402646,-6.11470014,-207.14647852
1.15,0.01602862,56.20330811,0.66653079,-6.06978167,-207.14907788
1.20,0.01602862,56.20330811,0.68903512,-6.06978167,-207.14907788
1.25,0.03984151,56.18769646,0.67336136,-6.10355136,-207.17761660
1.30,0.03984151,56.17208481,0.65768760,-6.10355136,-207.17761660
1.35,0.02456008,56.17793846,0.65652886,-6.10480666,-207.16424887
1.40,0.02456008,56.18379211,0.65537012,-6.10480666,-207.16424887
1.45,0.02816042,56.20721054,0.67128780,-6.06941984,-207.12354195
1.50,0.02816042,56.23062897,0.68720549,-6.06941984,-207.12354195
1.55,0.00659834,56.22282410,0.65524814,-6.13413013,-207.12931080
1.60,0.00659834,56.21501923,0.62329078,-6.13413013,-207.12931080
1.65,0.02964461,56.21892166,0.65811455,-6.06411694,-207.12874600
1.70,0.02964461,56.22282410,0.69293833,-6.06411694,-207.12874600
1.75,0.00954986,56.20330811,0.68440008,-6.08419727,-207.16419347
1.80,0.00954986,56.18379211,0.67586184,-6.08419727,-207.16419347
1.85,0.01949004,56.18574333,0.67006806,-6.09571781,-207.16356835
1.90,0.01949004,56.18769455,0.66427428,-6.09571781,-207.16356835
1.95,0.00323873,56.18769455,0.65732172,-6.10958309,-207.16213392
2.00,0.00323873,56.18769455,0.65036917,-6.10958309,-207.16213392
2.05,0.04936911,56.20135689,0.63573220,-6.13645176,-207.13128676
2.10,0.04936911,56.21501923,0.62109524,-6.13645176,-207.13128676
2.15,0.02108344,56.21111488,0.63347566,-6.11248287,-207.14242488
2.20,0.02108344,56.20721054,0.64585608,-6.11248287,-207.14242488
2.25,0.01656936,56.20330811,0.64530718,-6.11409725,-207.14895376
2.30,0.01656936,56.19940567,0.64475828,-6.11409725,-207.14895376
2.35,0.00968158,56.19355011,0.63475636,-6.13479847,-207.15661452
2.40,0.00968158,56.18769455,0.62475443,-6.13479847,-207.15661452
2.45,0.02371449,56.19940376,0.62292483,-6.13666850,-207.13431534
2.50,0.02371449,56.21111298,0.62109524,-6.13666850,-207.13431534
2.55,0.00528105,56.19355011,0.62920654,-6.12359566,-207.17253119
2.60,0.00528105,56.17598724,0.63731784,-6.12359566,-207.17253119
2.65,0.03721404,56.18769646,0.64311165,-6.11006973,-207.15042861
2.70,0.03721404,56.19940567,0.64890546,-6.11006973,-207.15042861
2.75,0.00250349,56.19550323,0.65402839,-6.10027163,-207.15579564
2.80,0.00250349,56.19160080,0.65915132,-6.10027163,-207.15579564
2.85,0.00585454,56.18964767,0.65372345,-6.11159007,-207.16062535
2.90,0.00585454,56.18769455,0.64829558,-6.11159007,-207.16062535
2.95,0.01939568,56.20721054,0.64097708,-6.12316879,-207.12353164
3.00,0.01939568,56.22672653,0.63365859,-6.12316879,-207.12353164
3.05,0.03681849,56.21111488,0.64329460,-6.10648949,-207.15499555
3.10,0.03681849,56.19550323,0.65293062,-6.10648949,-207.15499555
3.15,0.01218445,56.19550323,0.66226169,-6.08752847,-207.15188984
3.20,0.01218445,56.19550323,0.67159277,-6.08752847,-207.15188984
3.25,0.09421363,56.20330811,0.64945436,-6.13054797,-207.13558182
3.30,0.09421363,56.21111298,0.62731594,-6.13054797,-207.13558182
3.36,0.07491477,56.20135689,0.64884448,-6.08931638,-207.15899143
3.40,0.07491477,56.19160080,0.67037302,-6.08931638,-207.15899143
3.45,0.00853074,56.19745445,0.65110099,-6.12696641,-207.14737810
3.50,0.00853074,56.20330811,0.63182896,-6.12696641,-207.14737810
3.56,0.04600033,56.19550133,0.64853951,-6.09447340,-207.16029572
3.60,0.04600033,56.18769455,0.66525006,-6.09447340,-207.16029572
3.65,0.04274422,56.18574333,0.66573796,-6.09407998,-207.16631444
3.70,0.04274422,56.18379211,0.66622585,-6.09407998,-207.16631444
3.75,0.04331470,56.19550133,0.63396356,-6.15663124,-207.13949789
3.80,0.04331470,56.20721054,0.60170126,-6.15663124,-207.13949789
3.85,0.04953513,56.21306610,0.62762088,-6.10391668,-207.13123463
3.90,0.04953513,56.21892166,0.65354049,-6.10391668,-207.13123463
3.95,0.00750116,56.21306610,0.65378445,-6.10415011,-207.14116818
4.00,0.00750116,56.20721054,0.65402842,-6.10415011,-207.14116818
4.05,0.03340619,56.22087288,0.67134881,-6.06752922,-207.11760050
4.10,0.03340619,56.23453522,0.68866920,-6.06752922,-207.11760050
4.15,0.00765436,56.22477722,0.65811455,-6.12989691,-207.13131814
4.20,0.00765436,56.21501923,0.62755990,-6.12989691,-207.13131814
4.25,0.00773667,56.20916367,0.66128591,-6.06368655,-207.14877211
4.30,0.00773667,56.20330811,0.69501191,-6.06368655,-207.14877211
4.35,0.00742715,56.18964767,0.68043593,-6.09506333,-207.17426628
4.40,0.00742715,56.17598724,0.66585994,-6.09506333,-207.17426628
4.45,0.04476689,56.19355011,0.68250948,-6.05891802,-207.14174927
4.50,0.04476689,56.21111298,0.69915903,-6.05891802,-207.14174927
4.55,0.01427977,56.21306610,0.67665470,-6.10363922,-207.13551944
4.60,0.01427977,56.21501923,0.65415037,-6.10363922,-207.13551944
4.65,0.00705543,56.22087288,0.64603904,-6.11879176,-207.12239816
4.70,0.00705543,56.22672653,0.63792771,-6.11879176,-207.12239816
4.75,0.04122115,56.21306610,0.63158503,-6.13349263,-207.14595836
4.80,0.04122115,56.19940567,0.62524235,-6.13349263,-207.14595836
4.85,0.04451904,56.20916367,0.60267705,-6.17689770,-207.12401182
4.90,0.04451904,56.21892166,0.58011174,-6.17689770,-207.12401182
4.95,0.01431066,56.19940567,0.61908266,-6.10248941,-207.17000429
5.00,0.01431066,56.17988968,0.65805358,-6.10248941,-207.17000429
5.05,0.00987414,56.18964767,0.65671185,-6.10357630,-207.14916647
5.10,0.00987414,56.19940567,0.65537012,-6.10357630,-207.14916647
5.15,0.02944432,56.19355011,0.63487837,-6.14542413,-207.15922937
5.20,0.02944432,56.18769455,0.61438662,-6.14542413,-207.15922937
5.25,0.02157369,56.19355011,0.62249792,-6.12828501,-207.14820865
5.30,0.02157369,56.19940567,0.63060921,-6.12828501,-207.14820865
5.35,0.01364121,56.20721245,0.62963343,-6.12907578,-207.13360807
5.40,0.01364121,56.21501923,0.62865764,-6.12907578,-207.13360807
5.45,0.01576137,56.20331001,0.63384157,-6.12070626,-207.15894566
5.50,0.01576137,56.19160080,0.63902551,-6.12070626,-207.15894566
5.55,0.03857431,56.19160080,0.62640113,-6.14566191,-207.15367417
5.60,0.03857431,56.19160080,0.61377674,-6.14566191,-207.15367417
5.65,0.01143561,56.19940567,0.65329653,-6.06565060,-207.14575777
5.70,0.01143561,56.20721054,0.69281632,-6.06565060,-207.14575777
5.75,0.00346101,56.19940567,0.66567695,-6.12126275,-207.15952505
5.80,0.00346101,56.19160080,0.63853759,-6.12126275,-207.15952505
5.85,0.01945416,56.19160080,0.64274573,-6.11276387,-207.15890864
5.91,0.01945416,56.19160080,0.64695388,-6.11276387,-207.15890864
5.95,0.02886400,56.19355202,0.66537204,-6.07562355,-207.15666082
6.00,0.02886400,56.19550323,0.68379021,-6.07562355,-207.15666082
6.05,0.05448401,56.19355202,0.69135264,-6.06087037,-207.16140262
6.10,0.05448401,56.19160080,0.69891506,-6.06087037,-207.16140262
6.15,0.01374864,56.20331001,0.67726457,-6.10182608,-207.13226232
6.20,0.01374864,56.21501923,0.65561408,-6.10182608,-207.13226232
6.25,0.01043038,56.19940567,0.63646403,-6.14272737,-207.16206581
6.30,0.01043038,56.18379211,0.61731398,-6.14272737,-207.16206581
6.35,0.03368117,56.18574333,0.62182707,-6.13322765,-207.15633628
6.40,0.03368117,56.18769455,0.62634015,-6.13322765,-207.15633628
6.45,0.02427537,56.17988968,0.62298584,-6.14153162,-207.17451021
6.50,0.02427537,56.17208481,0.61963153,-6.14153162,-207.17451021
6.55,0.04766889,56.16622925,0.64658794,-6.08865757,-207.19056229
6.60,0.04766889,56.16037369,0.67354435,-6.08865757,-207.19056229
6.65,0.01783021,56.18769646,0.62762088,-6.17604535,-207.13151306
6.70,0.01783021,56.21501923,0.58169740,-6.17604535,-207.13151306
6.75,0.01783021,56.20135689,0.60597035,-6.17604535,-207.13151306
6.80,0.01216039,56.18769455,0.63024330,-6.12942481,-207.15793387
6.85,0.00344976,56.18964767,0.63615909,-6.11737695,-207.15612656
6.90,0.00344976,56.19160080,0.64207488,-6.11737695,-207.15612656
6.95,0.00348667,56.21111488,0.66207874,-6.07446184,-207.12182532
7.00,0.00348667,56.23062897,0.68208259,-6.07446184,-207.12182532
7.05,0.01376745,56.22477531,0.68458307,-6.07036175,-207.13261219
7.10,0.01376745,56.21892166,0.68708354,-6.07036175,-207.13261219
7.15,0.03593984,56.19940567,0.68287542,-6.08180779,-207.16861198
7.20,0.03593984,56.17988968,0.67866731,-6.08180779,-207.16861198
7.25,0.01466697,56.16427612,0.65689480,-6.12802628,-207.19984588
7.30,0.01466697,56.14866257,0.63512230,-6.12802628,-207.19984588
7.35,0.02708087,56.17208290,0.64201388,-6.11047500,-207.15471412
7.40,0.02708087,56.19550323,0.64890546,-6.11047500,-207.15471412
7.45,0.00352610,56.19745445,0.66836041,-6.07131289,-207.15391803
7.50,0.00352610,56.19940567,0.68781537,-6.07131289,-207.15391803
7.55,0.02326443,56.19745445,0.68360725,-6.08023327,-207.15853522
7.60,0.02326443,56.19550323,0.67939913,-6.08023327,-207.15853522
7.65,0.04343275,56.19355202,0.65268666,-6.13334568,-207.15275372
7.70,0.04343275,56.19160080,0.62597418,-6.13334568,-207.15275372
7.75,0.06931177,56.19940567,0.63414651,-6.11583220,-207.14019264
7.80,0.06931177,56.20721054,0.64231884,-6.11583220,-207.14019264
7.85,0.03196032,56.19159889,0.63640305,-6.13025663,-207.17030411
7.90,0.03196032,56.17598724,0.63048726,-6.13025663,-207.17030411
7.95,0.03179301,56.18379402,0.62091225,-6.14810054,-207.15333253
8.00,0.03179301,56.19160080,0.61133724,-6.14810054,-207.15333253
8.05,0.01002439,56.17208481,0.62304682,-6.12830675,-207.19837092
8.10,0.01002439,56.15256882,0.63475639,-6.12830675,-207.19837092
8.15,0.01565393,56.15452003,0.62634012,-6.14431586,-207.18747325
8.20,0.01565393,56.15647125,0.61792386,-6.14431586,-207.18747325
8.26,0.02132868,56.19745445,0.60651922,-6.16030405,-207.10511690
8.30,0.02132868,56.23843765,0.59511459,-6.16030405,-207.10511690
8.35,0.02762100,56.21892166,0.62615716,-6.10189240,-207.15147270
8.40,0.02762100,56.19940567,0.65719974,-6.10189240,-207.15147270
8.45,0.04428052,56.19159889,0.67378831,-6.07005642,-207.16953245
8.50,0.04428052,56.18379211,0.69037688,-6.07005642,-207.16953245
8.55,0.03474693,56.17988968,0.68281442,-6.08538832,-207.17187206
8.60,0.03474693,56.17598724,0.67525196,-6.08538832,-207.17187206
8.65,0.02703967,56.21111488,0.68342429,-6.06364854,-207.10661712
8.70,0.02703967,56.24624252,0.69159663,-6.06364854,-207.10661712
8.75,0.01228143,56.20525932,0.68446109,-6.08446207,-207.18563701
8.80,0.01228143,56.16427612,0.67732555,-6.08446207,-207.18563701
8.85,0.02354196,56.19159889,0.68037492,-6.07401027,-207.13285474
8.90,0.02354196,56.21892166,0.68342429,-6.07401027,-207.13285474
8.95,0.00858159,56.21892166,0.66915324,-6.10261275,-207.13201604
9.00,0.00858159,56.21892166,0.65488219,-6.10261275,-207.13201604
9.05,0.00606382,56.22282410,0.64500225,-6.12179037,-207.12426587
9.10,0.00606382,56.22672653,0.63512230,-6.12179037,-207.12426587
9.15,0.03957232,56.22087288,0.64207485,-6.10868798,-207.13413107
9.20,0.03957232,56.21501923,0.64902741,-6.10868798,-207.13413107
9.25,0.03119505,56.20526123,0.66171280,-6.08479591,-207.15402445
9.30,0.03119505,56.19550323,0.67439818,-6.08479591,-207.15402445
9.35,0.01755580,56.21111488,0.66067603,-6.10987967,-207.12390193
9.40,0.01755580,56.22672653,0.64695388,-6.10987967,-207.12390193
9.45,0.01390948,56.19159889,0.64268476,-6.12417116,-207.19383986
9.50,0.01390948,56.15647125,0.63841563,-6.12417116,-207.19383986
9.55,0.04478874,56.16037369,0.62548631,-6.14898124,-207.18012124
9.60,0.04478874,56.16427612,0.61255699,-6.14898124,-207.18012124
9.65,0.02458945,56.15646935,0.60883677,-6.15771160,-207.19496187
9.70,0.02458945,56.14866257,0.60511655,-6.15771160,-207.19496187
9.76,0.02990754,56.16427612,0.60658023,-6.15233198,-207.16556988
9.80,0.02990754,56.17988968,0.60804391,-6.15233198,-207.16556988
9.85,0.00613858,56.19355011,0.59932274,-6.16761176,-207.13773888
9.90,0.00613858,56.20721054,0.59060156,-6.16761176,-207.13773888
9.95,0.00989780,56.21306610,0.61158121,-6.12493175,-207.13182913
10.00,0.00989780,56.21892166,0.63256085,-6.12493175,-207.13182913
10.06,0.01718843,56.19355011,0.65134495,-6.09142021,-207.18153875
10.10,0.01718843,56.16817856,0.67012906,-6.09142021,-207.18153875
10.15,0.03464931,56.18574333,0.67134881,-6.08603168,-207.14687297
10.20,0.03464931,56.20330811,0.67256856,-6.08603168,-207.14687297
10.25,0.00533560,56.22087288,0.63426849,-6.15976172,-207.10794743
10.30,0.00533560,56.23843765,0.59596843,-6.15976172,-207.10794743
10.35,0.01601873,56.22672844,0.63622007,-6.08159100,-207.13941621
10.40,0.01601873,56.21501923,0.67647171,-6.08159100,-207.13941621
10.45,0.03200796,56.22867966,0.63243884,-6.16704566,-207.10473524
10.50,0.03200796,56.24234009,0.58840597,-6.16704566,-207.10473524
10.55,0.00458407,56.23843765,0.60078642,-6.14256551,-207.10962736
10.60,0.00458407,56.23453522,0.61316687,-6.14256551,-207.10962736
10.65,0.00653777,56.23063087,0.62969443,-6.11039003,-207.12065351
10.70,0.00653777,56.22672653,0.64622200,-6.11039003,-207.12065351
10.75,0.02819901,56.22282410,0.61365476,-6.17625100,-207.12762023
10.80,0.02819901,56.21892166,0.58108753,-6.17625100,-207.12762023
10.85,0.00920845,56.20916367,0.60401878,-6.13160430,-207.14407101
10.90,0.00920845,56.19940567,0.62695003,-6.13160430,-207.14407101
10.95,0.01905115,56.19355011,0.63030431,-6.12621435,-207.16020576
11.00,0.01905115,56.18769455,0.63365859,-6.12621435,-207.16020576
11.05,0.03816319,56.20135689,0.63085318,-6.12925868,-207.12881902
11.10,0.03816319,56.21501923,0.62804776,-6.12925868,-207.12881902
11.15,0.02788817,56.21501923,0.61950955,-6.14650597,-207.13090973
11.20,0.02788817,56.21501923,0.61097133,-6.14650597,-207.13090973
11.25,0.02046859,56.21892166,0.62627915,-6.11545042,-207.12572802
11.30,0.02046859,56.22282410,0.64158696,-6.11545042,-207.12572802
11.35,0.02987660,56.22087288,0.64006227,-6.11872340,-207.12926685
11.40,0.02987660,56.21892166,0.63853759,-6.11872340,-207.12926685
11.45,0.00629143,56.22867966,0.65177184,-6.09049161,-207.10910394
11.50,0.00629143,56.23843765,0.66500610,-6.09049161,-207.10910394
11.55,0.02448018,56.22087288,0.66274959,-6.09820679,-207.14770241
11.60,0.02448018,56.20330811,0.66049308,-6.09820679,-207.14770241
11.65,0.03333160,56.22087288,0.65695581,-6.10245990,-207.11238022
11.70,0.03333160,56.23843765,0.65341854,-6.10245990,-207.11238022
11.75,0.03789386,56.23063087,0.63975736,-6.13052371,-207.12076683
11.80,0.03789386,56.22282410,0.62609619,-6.13052371,-207.12076683
11.85,0.00774022,56.21306610,0.64524621,-6.09413551,-207.14514175
11.90,0.00774022,56.20330811,0.66439623,-6.09413551,-207.14514175
11.95,0.03242511,56.22087288,0.66183478,-6.09639518,-207.11050545
12.00,0.03242511,56.23843765,0.65927333,-6.09639518,-207.11050545
12.05,0.01479064,56.23453331,0.65097904,-6.11362235,-207.11748754
12.10,0.01479064,56.23062897,0.64268476,-6.11362235,-207.11748754
12.15,0.01503597,56.21696854,0.63018236,-6.14068683,-207.14118795
12.20,0.01503597,56.20330811,0.61767995,-6.14068683,-207.14118795
12.25,0.02953869,56.20330811,0.64677089,-6.08275547,-207.14652348
12.30,0.02953869,56.20330811,0.67586184,-6.08275547,-207.14652348
12.35,0.00415919,56.19355011,0.65512615,-6.12609123,-207.16695894
12.40,0.00415919,56.18379211,0.63439047,-6.12609123,-207.16695894
12.45,0.03814059,56.21501732,0.61017850,-6.16911312,-207.10046820
12.50,0.03814059,56.24624252,0.58596653,-6.16911312,-207.10046820
12.55,0.02884723,56.24234009,0.60133532,-6.13881875,-207.10662874
12.60,0.02884723,56.23843765,0.61670411,-6.13881875,-207.10662874
12.65,0.10480157,56.22477531,0.60090840,-6.17267282,-207.13313485
12.70,0.10480157,56.21111298,0.58511269,-6.17267282,-207.13313485
12.75,0.00692042,56.21111298,0.62938949,-6.08422954,-207.13764748
12.80,0.00692042,56.21111298,0.67366630,-6.08422954,-207.13764748
12.85,0.05789351,56.18769455,0.65183285,-6.13161038,-207.18162892
12.90,0.05789351,56.16427612,0.62999940,-6.13161038,-207.18162892
12.95,0.01599018,56.17403412,0.64939335,-6.09137715,-207.16558337
13.00,0.01599018,56.18379211,0.66878730,-6.09137715,-207.16558337
13.05,0.03487735,56.18769646,0.63994029,-6.14852064,-207.15565454
13.10,0.03487735,56.19160080,0.61109328,-6.14852064,-207.15565454
13.15,0.00397758,56.18574524,0.61804584,-6.13546646,-207.16741853
13.20,0.00397758,56.17988968,0.62499839,-6.13546646,-207.16741853
13.25,0.05439010,56.18964767,0.62408358,-6.13547961,-207.14532302
13.30,0.05439010,56.19940567,0.62316877,-6.13547961,-207.14532302
13.35,0.01501708,56.22672844,0.61822879,-6.14094345,-207.09169269
13.40,0.01501708,56.25405121,0.61328882,-6.14094345,-207.09169269
13.45,0.02676313,56.22672844,0.62914553,-6.11392792,-207.14867459
13.50,0.02676313,56.19940567,0.64500225,-6.11392792,-207.14867459
13.55,0.01964130,56.21697044,0.63841560,-6.12424827,-207.11475609
13.60,0.01964130,56.23453522,0.63182896,-6.12424827,-207.11475609
13.65,0.03344296,56.21697044,0.63219491,-6.12641018,-207.14932400
13.70,0.03344296,56.19940567,0.63256085,-6.12641018,-207.14932400
13.75,0.02314057,56.22867966,0.63445145,-6.11792621,-207.09261575
13.80,0.02314057,56.25795364,0.63634205,-6.11792621,-207.09261575
13.85,0.04456915,56.24429131,0.62176606,-6.14900565,-207.11387780
13.90,0.04456915,56.23062897,0.60719007,-6.14900565,-207.11387780
13.95,0.12139981,56.22282410,0.63079220,-6.10322344,-207.13411460
14.00,0.12139981,56.21501923,0.65439433,-6.10322344,-207.13411460
14.05,0.12684620,56.21697044,0.64963731,-6.11240359,-207.12913583
14.10,0.12684620,56.21892166,0.64488029,-6.11240359,-207.12913583
14.16,0.09026079,56.22477531,0.65140593,-6.09828310,-207.11712664
14.20,0.09026079,56.23062897,0.65793157,-6.09828310,-207.11712664
14.25,0.06254125,56.21501732,0.66518906,-6.08654039,-207.15077474
14.30,0.06254125,56.19940567,0.67244655,-6.08654039,-207.15077474
14.35,0.01222220,56.19940567,0.68476599,-6.06216182,-207.15488033
14.40,0.01222220,56.19940567,0.69708544,-6.06216182,-207.15488033
14.45,0.02787293,56.22477531,0.68836427,-6.07551613,-207.10483308
14.50,0.02787293,56.25014496,0.67964309,-6.07551613,-207.10483308
14.55,0.12584386,56.23062897,0.68141171,-6.07511281,-207.14349130
14.60,0.12584386,56.21111298,0.68318033,-6.07511281,-207.14349130
14.65,0.09431368,56.23453331,0.64280671,-6.15168655,-207.08905557
14.70,0.09431368,56.25795364,0.60243309,-6.15168655,-207.08905557
14.75,0.13875372,56.24624443,0.59767607,-6.16292007,-207.10907304
14.80,0.13875372,56.23453522,0.59291905,-6.16292007,-207.10907304
14.85,0.22619075,56.27356720,0.56687745,-6.20849469,-207.02924722
14.90,0.22619075,56.31259918,0.54083586,-6.20849469,-207.02924722
14.95,0.23073256,56.25600243,0.55919304,-6.18100131,-207.14246694
15.00,0.23073256,56.19940567,0.57755023,-6.18100131,-207.14246694
15.05,0.24905978,56.12056923,0.55602470,-6.23709548,-207.29810425
15.10,0.24905978,56.04173279,0.53449917,-6.23709548,-207.29810425
15.15,0.37069737,56.04445648,0.54163170,-6.22251376,-207.29467067
15.20,0.37069737,56.04718018,0.54876423,-6.22251376,-207.29467067
15.25,0.43320021,56.03664970,0.59292263,-6.13611467,-207.32205738
15.30,0.43320021,56.02611923,0.63708103,-6.13611467,-207.32205738
15.35,0.50647625,56.03469849,0.63469896,-6.13921692,-207.30192200
15.40,0.50647625,56.04327774,0.63231689,-6.13921692,-207.30192200
15.45,0.62365735,56.09011650,0.59426078,-6.20777375,-207.20598401
15.50,0.62365735,56.13695526,0.55620468,-6.20777375,-207.20598401
15.55,0.59267925,56.11939049,0.56901202,-6.18499197,-207.24168782
15.60,0.59267925,56.10182571,0.58181936,-6.18499197,-207.24168782
15.65,0.56965196,56.08426094,0.57675740,-6.19774988,-207.27358969
15.70,0.56965196,56.06669617,0.57169545,-6.19774988,-207.27358969
15.75,0.64325734,56.03079414,0.59402028,-6.15906306,-207.34858119
15.80,0.64325734,55.99489212,0.61634511,-6.15906306,-207.34858119
15.85,0.67196345,56.01908493,0.59524003,-6.19745952,-207.30011362
15.90,0.67196345,56.04327774,0.57413495,-6.19745952,-207.30011362
15.95,0.62706228,56.08230972,0.60249406,-6.13428235,-207.22389024
16.00,0.62706228,56.12134171,0.63085318,-6.13428235,-207.22389024
16.05,0.66044087,56.04640770,0.62811226,-6.15227849,-207.37626678
16.10,0.66044087,55.97147369,0.62537134,-6.15227849,-207.37626678
16.15,0.66898480,55.96757126,0.63110420,-6.14129650,-207.38277356
16.20,0.66898480,55.96366882,0.63683707,-6.14129650,-207.38277356
16.25,0.67777814,56.05226326,0.62664863,-6.14715472,-207.20488441
16.30,0.67777814,56.14085770,0.61646020,-6.14715472,-207.20488441
16.35,0.71367517,56.10963249,0.60481161,-6.17568597,-207.26763324
16.40,0.71367517,56.07840729,0.59316301,-6.17568597,-207.26763324
16.45,0.36623316,56.10963249,0.64201388,-6.07313328,-207.21215424
16.50,0.36623316,56.14085770,0.69086474,-6.07313328,-207.21215424
16.55,0.35556456,56.18769646,0.70781922,-6.03147049,-207.12060536
16.60,0.35556456,56.23453522,0.72477371,-6.03147049,-207.12060536
16.65,0.24539096,56.18379402,0.66512808,-6.15883291,-207.21239290
16.70,0.24539096,56.13305283,0.60548246,-6.15883291,-207.21239290
16.75,0.18547181,56.14671326,0.62749889,-6.11285788,-207.19072701
16.80,0.18547181,56.16037369,0.64951533,-6.11285788,-207.19072701
16.85,0.16823704,56.17208290,0.64195290,-6.12597444,-207.16555678
16.90,0.16823704,56.18379211,0.63439047,-6.12597444,-207.16555678
16.95,0.10713896,56.16232491,0.69519487,-6.00805780,-207.21597503
17.00,0.10713896,56.14085770,0.75599927,-6.00805780,-207.21597503
17.05,0.06851012,56.19550133,0.72654235,-6.05787912,-207.10352530
17.10,0.06851012,56.25014496,0.69708544,-6.05787912,-207.10352530
17.15,0.12927643,56.19940376,0.69537780,-6.06958541,-207.20417891
17.20,0.12927643,56.14866257,0.69367015,-6.06958541,-207.20417891
17.25,0.13234135,56.15451813,0.69854915,-6.05873031,-207.19125916
17.30,0.13234135,56.16037369,0.70342815,-6.05873031,-207.19125916
17.35,0.31140919,56.15451813,0.61877769,-6.22857358,-207.19055910
17.40,0.31140919,56.14866257,0.53412724,-6.22857358,-207.19055910
17.45,0.31347273,56.15061569,0.58499071,-6.12703105,-207.19611521
17.50,0.31347273,56.15256882,0.63585418,-6.12703105,-207.19611521
17.55,0.33112122,56.22087288,0.65488222,-6.07800415,-207.06508892
17.60,0.33112122,56.28917694,0.67391026,-6.07800415,-207.06508892
17.65,0.33703548,56.22867775,0.63249984,-6.17034174,-207.17764182
17.70,0.33703548,56.16817856,0.59108943,-6.17034174,-207.17764182
17.75,0.42146356,56.28332329,0.64719781,-6.03924709,-206.95276844
17.80,0.42146356,56.39846802,0.70330620,-6.03924709,-206.95276844
17.85,0.59236822,56.37700081,0.68440011,-6.08069114,-206.99550834
17.90,0.59236822,56.35553360,0.66549402,-6.08069114,-206.99550834
17.95,0.60833472,56.33601761,0.66726264,-6.08037845,-207.03435521
18.00,0.60833472,56.31650162,0.66903126,-6.08037845,-207.03435521
18.05,0.56935664,56.31455040,0.69525585,-6.02840004,-207.04265492
18.10,0.56935664,56.31259918,0.72148043,-6.02840004,-207.04265492
18.15,0.67393622,56.36138916,0.73642233,-5.99058254,-206.94754935
18.20,0.67393622,56.41017914,0.75136423,-5.99058254,-206.94754935
18.25,0.81128908,56.43945312,0.71745524,-6.05339460,-206.88429676
18.30,0.81128908,56.46872711,0.68354625,-6.05339460,-206.88429676
18.35,0.78409323,56.49019432,0.69934198,-6.01837422,-206.84395349
18.40,0.78409323,56.51166153,0.71513772,-6.01837422,-206.84395349
18.45,0.74111820,56.52532196,0.65463826,-6.13641938,-206.80393252
18.50,0.74111820,56.53898239,0.59413880,-6.13641938,-206.80393252
18.55,0.78588862,56.58972359,0.62060732,-6.07572352,-206.71100321
18.60,0.78588862,56.64046478,0.64707583,-6.07572352,-206.71100321
18.65,1.27407086,56.73023796,0.65701678,-6.04088169,-206.53067190
18.70,1.27407086,56.82001114,0.66695774,-6.04088169,-206.53067190
18.75,0.81888833,56.83172226,0.61170319,-6.14931752,-206.50159055
18.80,0.81888833,56.84343338,0.55644864,-6.14931752,-206.50159055
18.85,0.75127176,56.87660980,0.62316880,-6.01091808,-206.44647782
18.90,0.75127176,56.90978622,0.68988895,-6.01091808,-206.44647782
18.95,0.77112876,56.97614098,0.70928293,-5.96105711,-206.31479163
19.00,0.77112876,57.04249573,0.72867692,-5.96105711,-206.31479163
19.05,0.87656352,57.09596634,0.68446434,-6.04080688,-206.20650734
19.10,0.87656352,57.14943695,0.64025176,-6.04080688,-206.20650734
19.15,0.84190240,57.13772774,0.62530968,-6.07253666,-206.22637760
19.20,0.84190240,57.12601852,0.61036760,-6.07253666,-206.22637760
19.25,0.70225590,57.14163208,0.68654159,-5.91800670,-206.20712755
19.30,0.70225590,57.15724564,0.76271558,-5.91800670,-206.20712755
19.35,0.76445909,57.20213127,0.73655173,-5.96263795,-206.11279539
19.40,0.76445909,57.24701691,0.71038789,-5.96263795,-206.11279539
19.45,0.76307882,57.31532478,0.68757838,-5.99711264,-205.97696369
19.50,0.76307882,57.38363266,0.66476887,-5.99711264,-205.97696369
19.55,0.82051464,57.43242264,0.65763330,-6.00302969,-205.87591494
19.60,0.82051464,57.48121262,0.65049773,-6.00302969,-205.87591494
19.65,0.96147960,57.54561615,0.66556174,-5.96222675,-205.74977344
19.70,0.96147960,57.61001968,0.68062574,-5.96222675,-205.74977344
19.75,1.40980896,57.67442322,0.72368327,-5.86546682,-205.62525280
19.80,1.40980896,57.73882675,0.76674080,-5.86546682,-205.62525280
19.85,1.41777711,57.78371239,0.73478308,-5.92199292,-205.53361170
19.90,1.41777711,57.82859802,0.70282537,-5.92199292,-205.53361170
19.95,1.42736360,57.82274437,0.68934703,-5.94978224,-205.54246716
20.00,1.42736360,57.81689072,0.67586869,-5.94978224,-205.54246716
20.05,1.43863883,57.91837502,0.64470384,-5.99518582,-205.33708631
20.10,1.43863883,58.01985931,0.61353898,-5.99518582,-205.33708631
20.15,1.44701695,58.00814819,0.67385608,-5.87677236,-205.36848125
20.20,1.44701695,57.99643707,0.73417318,-5.87677236,-205.36848125
20.25,1.45987623,58.06941986,0.73393038,-5.86454472,-205.21759562
20.30,1.45987623,58.14240265,0.73368758,-5.86454472,-205.21759562
20.35,1.46721667,58.23803329,0.72685692,-5.86236740,-205.02694787
20.40,1.46721667,58.33366394,0.72002625,-5.86236740,-205.02694787
20.45,1.47598053,58.40196991,0.74606818,-5.79907395,-204.89504244
20.50,1.47598053,58.47027588,0.77211010,-5.79907395,-204.89504244
20.55,1.48483777,58.53858376,0.75265488,-5.82660432,-204.75758439
20.60,1.48483777,58.60689163,0.73319966,-5.82660432,-204.75758439
20.65,1.49095080,58.70056915,0.73112607,-5.81487065,-204.56656356
20.70,1.49095080,58.79424667,0.72905248,-5.81487065,-204.56656356
20.75,1.50416202,58.83718109,0.68855634,-5.88840487,-204.47514953
20.80,1.50416202,58.88011551,0.64806020,-5.88840487,-204.47514953
20.85,1.51819218,58.96285629,0.64110684,-5.88873817,-204.31015171
20.90,1.51819218,59.04559708,0.63415349,-5.88873817,-204.31015171
20.95,1.52119426,59.11000061,0.63092110,-5.88478136,-204.18425709
21.00,1.52119426,59.17440414,0.62768871,-5.88478136,-204.18425709
21.05,1.52871326,59.23490334,0.65312073,-5.82399390,-204.06753234
21.10,1.52871326,59.29540253,0.67855275,-5.82399390,-204.06753234
21.15,1.53788521,59.40469360,0.65757287,-5.84753969,-203.84576755
21.20,1.53788521,59.51398468,0.63659298,-5.84753969,-203.84576755
21.25,1.54342031,59.56082344,0.61622298,-5.88054150,-203.75020739
21.30,1.54342031,59.60766220,0.59585297,-5.88054150,-203.75020739
21.35,1.54940769,59.66425896,0.60615996,-5.85051709,-203.63813295
21.40,1.54940769,59.72085571,0.61646694,-5.85051709,-203.63813295
21.45,1.55888053,59.83600044,0.64116707,-5.78231659,-203.41538061
21.50,1.55888053,59.95114517,0.66586721,-5.78231659,-203.41538061
21.55,1.56325221,60.03583717,0.67574713,-5.74875026,-203.25071056
21.60,1.56325221,60.12052917,0.68562704,-5.74875026,-203.25071056
21.65,1.56967097,60.18298149,0.69569007,-5.71792577,-203.12411189
21.70,1.56967097,60.24543381,0.70575309,-5.71792577,-203.12411189
21.75,1.57879733,60.35472488,0.73789376,-5.63579819,-202.91118738
21.80,1.57879733,60.46401596,0.77003443,-5.63579819,-202.91118738
21.85,1.58438479,60.53427315,0.78076831,-5.60301511,-202.77663402
21.90,1.58438479,60.60453033,0.79150218,-5.60301511,-202.77663402
21.95,1.58837956,60.69235420,0.74411452,-5.68280353,-202.59229352
22.00,1.58837956,60.78017807,0.69672686,-5.68280353,-202.59229352
22.05,1.59623695,60.86214447,0.70752174,-5.64759297,-202.43006146
22.10,1.59623695,60.94411087,0.71831661,-5.64759297,-202.43006146
22.15,1.60233388,61.08344841,0.70373970,-5.65373562,-202.14984159
22.20,1.60233388,61.22278595,0.68916279,-5.65373562,-202.14984159
22.25,1.61024367,61.32036781,0.71099642,-5.59398854,-201.95824592
22.30,1.61024367,61.41794968,0.73283005,-5.59398854,-201.95824592
22.35,1.61858003,61.53504562,0.75862792,-5.52324999,-201.73110916
22.40,1.61858003,61.65214157,0.78442580,-5.52324999,-201.73110916
22.45,1.62451796,61.66580391,0.75722522,-5.57521639,-201.69886643
22.50,1.62451796,61.67946625,0.73002464,-5.57521639,-201.69886643
22.55,1.63567563,61.84340096,0.77826601,-5.45146661,-201.37562899
22.60,1.63567563,62.00733566,0.82650739,-5.45146661,-201.37562899
22.65,1.63713000,62.12130356,0.75856939,-5.56797175,-201.13947971
22.70,1.63713000,62.23527145,0.69063139,-5.56797175,-201.13947971
22.75,1.64684258,62.22160912,0.71264818,-5.52660093,-201.17322919
22.80,1.64684258,62.20794678,0.73466498,-5.52660093,-201.17322919
22.85,1.66004621,62.32699585,0.73594573,-5.50386531,-200.93121219
22.90,1.66004621,62.44604492,0.73722649,-5.50386531,-200.93121219
22.95,1.65577772,62.68219185,0.68184912,-5.57514876,-200.45613027
23.00,1.65577772,62.91833878,0.62647176,-5.57514876,-200.45613027
23.05,1.66127087,62.92029190,0.66739488,-5.49344228,-200.45985649
23.10,1.66127087,62.92224503,0.70831800,-5.49344228,-200.45985649
23.15,1.67490945,63.16696739,0.72039115,-5.42776456,-199.96892483
23.20,1.67490945,63.41168976,0.73246431,-5.42776456,-199.96892483
23.25,1.67363114,63.36289787,0.70544669,-5.48988148,-200.06344208
23.30,1.67363114,63.31410599,0.67842907,-5.48988148,-200.06344208
23.35,1.68808234,63.61270332,0.65933987,-5.47735649,-199.46177647
23.40,1.68808234,63.91130066,0.64025068,-5.47735649,-199.46177647
23.45,1.68958600,63.99404144,0.68624023,-5.37179312,-199.30468055
23.50,1.68958600,64.07678223,0.73222977,-5.37179312,-199.30468055
23.55,1.68945854,64.16655731,0.67862076,-5.46311490,-199.11638781
23.60,1.68945854,64.25633240,0.62501174,-5.46311490,-199.11638781
23.65,1.69832983,64.36562347,0.65178576,-5.39099794,-198.90432303
23.70,1.69832983,64.47491455,0.67855978,-5.39099794,-198.90432303
23.75,2.23470770,64.65446854,0.71155465,-5.29439404,-198.55196853
23.80,2.23470770,64.83402252,0.74454951,-5.29439404,-198.55196853
23.85,2.33898234,64.92184448,0.67666912,-5.41466989,-198.36633859
23.90,2.33898234,65.00966644,0.60878873,-5.41466989,-198.36633859
23.95,2.25313840,65.04166031,0.63793710,-5.35126467,-198.31149995
24.00,2.25313840,65.07365417,0.66708547,-5.35126467,-198.31149995
24.05,2.29031964,65.28247452,0.69977498,-5.24916887,-197.89817953
24.10,2.29031964,65.49129486,0.73246449,-5.24916887,-197.89817953
24.15,2.38049590,65.63766861,0.69178557,-5.30455402,-197.59916343
24.20,2.38049590,65.78404236,0.65110666,-5.30455402,-197.59916343
24.25,2.47698173,65.91284943,0.68489394,-5.21467462,-197.35035563
24.30,2.47698173,66.04165649,0.71868122,-5.21467462,-197.35035563
24.35,2.48783159,66.10488129,0.65427777,-5.33199571,-197.21670351
24.40,2.48783159,66.16810608,0.58987433,-5.33199571,-197.21670351
24.45,2.36406620,66.36131287,0.59499732,-5.28747561,-196.83450872
24.50,2.36406620,66.55451965,0.60012031,-5.28747561,-196.83450872
24.55,2.34340083,66.66966629,0.62994334,-5.20749325,-196.61101469
24.60,2.34340083,66.78481293,0.65976638,-5.20749325,-196.61101469
24.65,2.39673085,66.86092377,0.56858957,-5.37554259,-196.44288226
24.70,2.39673085,66.93703461,0.47741276,-5.37554259,-196.44288226
24.75,2.37887821,66.99635696,0.52882671,-5.26218043,-196.32881429
24.80,2.37887821,67.05567932,0.58024067,-5.26218043,-196.32881429
24.85,2.47376498,67.26840591,0.65232858,-5.08048576,-195.92135743
24.90,2.47376498,67.48113251,0.72441649,-5.08048576,-195.92135743
24.95,2.48762693,67.56505203,0.65952519,-5.19453903,-195.74201649
25.00,2.48762693,67.64897156,0.59463388,-5.19453903,-195.74201649
25.05,2.52201974,67.76802063,0.58792517,-5.18643263,-195.50286797
25.10,2.52201974,67.88706970,0.58121645,-5.18643263,-195.50286797
25.15,2.51285336,68.04787445,0.61567214,-5.08841239,-195.18762143
25.20,2.51285336,68.20867920,0.65012783,-5.08841239,-195.18762143
25.25,2.52797868,68.38432312,0.67110756,-5.01476625,-194.84453983
25.30,2.52797868,68.55996704,0.69208729,-5.01476625,-194.84453983
25.35,2.50008859,68.62437057,0.69281915,-5.00174855,-194.71751989
25.40,2.50008859,68.68877411,0.69355100,-5.00174855,-194.71751989
25.45,2.48715418,68.78049850,0.64256537,-5.08655533,-194.52610933
25.50,2.48715418,68.87222290,0.59157974,-5.08655533,-194.52610933
25.55,2.45013930,68.99790192,0.60213420,-5.04232733,-194.27561534
25.60,2.45013930,69.12358093,0.61268866,-5.04232733,-194.27561534
25.65,2.53346948,69.23872757,0.67861703,-4.88938541,-194.05451232
25.70,2.53346948,69.35387421,0.74454540,-4.88938541,-194.05451232
25.75,2.39405046,69.49048996,0.68807024,-4.97683262,-193.77456355
25.80,2.39405046,69.62710571,0.63159508,-4.97683262,-193.77456355
25.85,2.50492275,69.80470276,0.57261935,-5.06126557,-193.40836278
25.90,2.50492275,69.98229980,0.51364362,-5.06126557,-193.40836278
25.95,2.54780435,70.10797119,0.58725289,-4.89224059,-193.17983986
26.00,2.54780435,70.23364258,0.66086215,-4.89224059,-193.17983986
26.05,2.67187534,70.32732010,0.66702190,-4.86259589,-192.99385701
26.10,2.67187534,70.42099762,0.67318165,-4.86259589,-192.99385701
26.15,2.78955861,70.54785156,0.62243992,-4.94004822,-192.73011353
26.20,2.78955861,70.67470551,0.57169819,-4.94004822,-192.73011353
26.25,2.78344247,70.78789902,0.61195004,-4.83888766,-192.51101373
26.30,2.78344247,70.90109253,0.65220189,-4.83888766,-192.51101373
26.35,2.74696445,71.00335312,0.67580882,-4.77269988,-192.30762035
26.40,2.74696445,71.10561371,0.69941574,-4.77269988,-192.30762035
26.45,2.72845324,71.20904922,0.70203823,-4.74862415,-192.10305806
26.50,2.72845324,71.31248474,0.70466071,-4.74862415,-192.10305806
26.55,2.65101595,71.40225983,0.70039153,-4.74069233,-191.92288815
26.60,2.65101595,71.49203491,0.69612235,-4.74069233,-191.92288815
26.65,2.62882118,71.69110107,0.69124326,-4.71423727,-191.52898206
26.70,2.62882118,71.89016724,0.68636417,-4.71423727,-191.52898206
26.75,2.63013582,71.99632645,0.67782325,-4.71189211,-191.31682534
26.80,2.63013582,72.10248566,0.66928232,-4.71189211,-191.31682534
26.85,2.60239819,72.24300003,0.63025001,-4.76376422,-191.03031844
26.90,2.60239819,72.38351440,0.59121770,-4.76376422,-191.03031844
26.95,2.66223730,72.51622391,0.60231751,-4.71710227,-190.76792088
27.00,2.66223730,72.64893341,0.61341733,-4.71710227,-190.76792088
27.05,2.64826122,72.78164291,0.63238460,-4.65480382,-190.50691055
27.10,2.64826122,72.91435242,0.65135187,-4.65480382,-190.50691055
27.15,2.74414957,73.04978943,0.60115799,-4.72964329,-190.22934930
27.20,2.74414957,73.18522644,0.55096412,-4.72964329,-190.22934930
27.25,2.67035695,73.33940125,0.59030125,-4.62207820,-189.93033698
27.30,2.67035695,73.49357605,0.62963837,-4.62207820,-189.93033698
27.35,2.69480350,73.59115601,0.61637354,-4.62973038,-189.73105627
27.40,2.69480350,73.68873596,0.60310870,-4.62973038,-189.73105627
27.45,2.73283146,73.78241348,0.63497484,-4.54859258,-189.55147773
27.50,2.73283146,73.87609100,0.66684097,-4.54859258,-189.55147773
27.55,2.68764176,74.06812668,0.65751350,-4.53053866,-189.17051328
27.60,2.68764176,74.26016235,0.64818603,-4.53053866,-189.17051328
27.66,2.74199425,74.41043472,0.66160351,-4.47454496,-188.87502406
27.70,2.74199425,74.56070709,0.67502099,-4.47454496,-188.87502406
27.75,2.73640491,74.69146729,0.70676550,-4.38578209,-188.62073003
27.80,2.73640491,74.82222748,0.73851001,-4.38578209,-188.62073003
27.85,2.59788063,74.95180511,0.70309994,-4.43040854,-188.35201073
27.90,2.59788063,75.08138275,0.66768986,-4.43040854,-188.35201073
27.95,2.59657066,75.22189713,0.66274989,-4.41247172,-188.07538631
28.01,2.59657066,75.36241150,0.65780991,-4.41247172,-188.07538631
28.05,2.65673003,75.51463699,0.65671214,-4.38369552,-187.76789978
28.10,2.65673003,75.66686249,0.65561438,-4.38369552,-187.76789978
28.15,2.65263314,75.75468445,0.61978430,-4.43772098,-187.58921994
28.20,2.65263314,75.84250641,0.58395422,-4.43772098,-187.58921994
28.25,2.69365389,76.03453827,0.56956446,-4.42816464,-187.20915057
28.30,2.69365389,76.22657013,0.55517471,-4.42816464,-187.20915057
28.35,2.75143171,76.35342789,0.57783177,-4.35695562,-186.95861181
28.40,2.75143171,76.48028564,0.60048884,-4.35695562,-186.95861181
28.45,2.67968802,76.57786560,0.59576228,-4.34667760,-186.76535228
28.50,2.67968802,76.67544556,0.59103572,-4.34667760,-186.76535228
28.55,2.75739856,76.89870453,0.60271734,-4.27766298,-186.32067249
28.60,2.75739856,77.12196350,0.61439896,-4.27766298,-186.32067249
28.65,2.71020020,77.20588303,0.62406567,-4.24104601,-186.15387900
28.70,2.71020020,77.28980255,0.63373238,-4.24104601,-186.15387900
28.75,2.63276333,77.40689850,0.62742004,-4.22953922,-185.91884567
28.80,2.63276333,77.52399445,0.62110770,-4.22953922,-185.91884567
28.85,2.65409698,77.66256332,0.62318131,-4.19713948,-185.64415344
28.90,2.65409698,77.80113220,0.62525493,-4.19713948,-185.64415344
28.95,2.67673257,77.93265915,0.64775532,-4.12584299,-185.39006306
29.00,2.67673257,78.06418610,0.67025572,-4.12584299,-185.39006306
29.05,2.67036971,78.22616959,0.67293918,-4.08717018,-185.06870361
29.10,2.67036971,78.38815308,0.67562264,-4.08717018,-185.06870361
29.15,2.63575291,78.49353790,0.62649700,-4.16325402,-184.84935590
29.20,2.63575291,78.59892273,0.57737136,-4.16325402,-184.84935590
29.25,2.24622697,78.73944092,0.59893054,-4.09146493,-184.57481424
29.30,2.24622697,78.87995911,0.62048972,-4.09146493,-184.57481424
29.35,2.25933514,78.98611832,0.62338719,-4.06337759,-184.36058068
29.40,2.25933514,79.09227753,0.62628466,-4.06337759,-184.36058068
29.45,2.27267224,79.19766617,0.61649612,-4.06093083,-184.15073022
29.50,2.27267224,79.30305481,0.60670757,-4.06093083,-184.15073022
29.55,2.28185223,79.47674942,0.64830130,-3.94150297,-183.81040268
29.60,2.28185223,79.65044403,0.68989503,-3.94150297,-183.81040268
29.65,2.29716822,79.77729797,0.65766293,-3.97938645,-183.55421315
29.70,2.29716822,79.90415192,0.62543082,-3.97938645,-183.55421315
29.75,2.30063439,80.06495667,0.64769456,-3.90201410,-183.24752125
29.80,2.30063439,80.22576141,0.66995829,-3.90201410,-183.24752125
29.85,2.31358500,80.35261917,0.59707707,-4.01931379,-182.97446607
29.90,2.31358500,80.47947693,0.52419585,-4.01931379,-182.97446607
29.95,2.32226517,80.57120132,0.52617797,-3.99616438,-182.79560531
30.00,2.32226517,80.66292572,0.52816010,-3.99616438,-182.79560531
30.05,2.32699811,80.85223389,0.57957339,-3.85356005,-182.43051978
30.10,2.32699811,81.04154205,0.63098669,-3.85356005,-182.43051978
30.15,2.33567900,81.11257172,0.65796918,-3.78430599,-182.29246660
30.20,2.33567900,81.18360138,0.68495166,-3.78430599,-182.29246660
30.25,2.34517404,81.21482468,0.66153243,-3.82419092,-182.22676549
30.30,2.34517404,81.24604797,0.63811320,-3.82419092,-182.22676549
30.35,2.35660245,81.46072388,0.62805024,-3.79757572,-181.79851462
30.40,2.35660245,81.67539978,0.61798728,-3.79757572,-181.79851462
30.45,2.36695826,81.80615997,0.59633669,-3.81223944,-181.53419114
30.50,2.36695826,81.93692017,0.57468611,-3.81223944,-181.53419114
30.55,2.38091158,82.06942749,0.57389706,-3.78461239,-181.26752137
30.60,2.38091158,82.20193481,0.57310802,-3.78461239,-181.26752137
30.65,2.38483764,82.28097534,0.55816585,-3.79735734,-181.10948158
30.70,2.38483764,82.36001587,0.54322368,-3.79735734,-181.10948158
30.75,2.39419358,82.47321320,0.55377468,-3.75150941,-180.88417152
30.80,2.39419358,82.58641052,0.56432569,-3.75150941,-180.88417152
30.85,2.40360430,82.75522614,0.54776734,-3.74775720,-180.54579899
30.90,2.40360430,82.92404175,0.53120899,-3.74775720,-180.54579899
30.95,2.40997902,82.99702072,0.53309882,-3.72775218,-180.39729251
31.00,2.40997902,83.06999969,0.53498864,-3.72775218,-180.39729251
31.05,2.41662321,83.21636963,0.53117689,-3.70492846,-180.10672954
31.10,2.41662321,83.36273956,0.52736515,-3.70492846,-180.10672954
31.15,2.42421700,83.45739365,0.52834094,-3.68324158,-179.91838800
31.20,2.42421700,83.55204773,0.52931672,-3.68324158,-179.91838800
31.25,2.43235838,83.72769547,0.52413273,-3.65700287,-179.56868107
31.30,2.43235838,83.90334320,0.51894873,-3.65700287,-179.56868107
31.35,2.43746417,83.98140717,0.53715372,-3.60450413,-179.41713434
31.40,2.43746417,84.05947113,0.55535871,-3.60450413,-179.41713434
31.45,2.45191164,84.24174118,0.57167289,-3.53569218,-179.05365640
31.50,2.45191164,84.42401123,0.58798707,-3.53569218,-179.05365640
31.55,2.45536181,84.59965897,0.58960325,-3.49773918,-178.70344413
31.60,2.45536181,84.77530670,0.59121943,-3.49773918,-178.70344413
31.65,2.46165452,84.81824112,0.57091036,-3.52985361,-178.61527419
31.70,2.46165452,84.86117554,0.55060130,-3.52985361,-178.61527419
31.75,2.46888561,85.06881714,0.57825515,-3.43418908,-178.20770143
31.80,2.46888561,85.27645874,0.60590899,-3.43418908,-178.20770143
31.85,2.47795572,85.41502380,0.59968829,-3.41978195,-177.93186452
31.90,2.47795572,85.55358887,0.59346759,-3.41978195,-177.93186452
31.95,2.48263203,85.66482925,0.57873917,-3.42734951,-177.70640288
32.00,2.48263203,85.77606964,0.56401074,-3.42734951,-177.70640288
32.05,2.49163305,85.82680893,0.52586316,-3.49341955,-177.59781653
32.10,2.49163305,85.87754822,0.48771557,-3.49341955,-177.59781653
32.15,2.50245923,86.07056046,0.55782346,-3.31610888,-177.22630810
32.20,2.50245923,86.26357269,0.62793136,-3.31610888,-177.22630810
32.25,2.51357967,86.37871933,0.53919396,-3.47021726,-176.98041529
32.30,2.51357967,86.49386597,0.45045656,-3.47021726,-176.98041529
32.35,2.52391901,86.66950989,0.44258912,-3.45147171,-176.62961616
32.40,2.52391901,86.84515381,0.43472168,-3.45147171,-176.62961616
32.45,2.52933719,86.92029190,0.41828544,-3.46959710,-176.47797135
32.50,2.52933719,86.99542999,0.40184921,-3.46959710,-176.47797135
32.55,2.53486203,87.13671875,0.42518005,-3.39562816,-176.20079256
32.60,2.53486203,87.27800751,0.44851089,-3.39562816,-176.20079256
32.65,2.54190650,87.43413925,0.50629768,-3.25049041,-175.90085257
32.70,2.54190650,87.59027100,0.56408447,-3.25049041,-175.90085257
32.75,2.54734094,87.66833878,0.52797917,-3.30714966,-175.73710579
32.80,2.54734094,87.74640656,0.49187386,-3.30714966,-175.73710579
32.85,2.54961360,87.92964935,0.51547042,-3.22473060,-175.37451160
32.90,2.54961360,88.11289215,0.53906697,-3.22473060,-175.37451160
32.95,2.55849015,88.27097321,0.53766426,-3.19822367,-175.06046537
33.00,2.55849015,88.42905426,0.53626156,-3.19822367,-175.06046537
33.05,2.55917009,88.53541565,0.52101472,-3.20891202,-174.84666358
33.10,2.55917009,88.64177704,0.50576788,-3.20891202,-174.84666358
33.15,2.56327447,88.77155685,0.49353993,-3.20902543,-174.58500570
33.20,2.56327447,88.90133667,0.48131198,-3.20902543,-174.58500570
33.25,2.56808641,89.06019592,0.46963598,-3.20300724,-174.26444923
33.30,2.56808641,89.21905518,0.45795998,-3.20300724,-174.26444923
33.35,2.56821245,89.34883881,0.45134278,-3.19272273,-174.00284533
33.40,2.56821245,89.47862244,0.44472557,-3.19272273,-174.00284533
33.45,2.57123799,89.57620239,0.46759613,-3.12977431,-173.81411117
33.50,2.57123799,89.67378235,0.49046668,-3.12977431,-173.81411117
33.55,2.57564544,89.82991028,0.45975915,-3.16279311,-173.49591787
33.60,2.57564544,89.98603821,0.42905161,-3.16279311,-173.49591787
33.65,2.58085755,90.06780243,0.41508482,-3.17631388,-173.33242108
33.70,2.58085755,90.14956665,0.40111804,-3.17631388,-173.33242108
33.75,2.58747394,90.35936737,0.39642195,-3.14920432,-172.91289249
33.80,2.58747394,90.56916809,0.39172587,-3.14920432,-172.91289249
33.85,2.59275546,90.65991592,0.41673096,-3.08364594,-172.73631479
33.90,2.59275546,90.75066376,0.44173604,-3.08364594,-172.73631479
33.95,2.58858604,90.91439819,0.41657844,-3.10538618,-172.40572621
34.00,2.58858604,91.07813263,0.39142084,-3.10538618,-172.40572621
34.05,2.58836847,91.19425201,0.40892440,-3.05080303,-172.17605269
34.10,2.58836847,91.31037140,0.42642796,-3.05080303,-172.17605269
34.15,2.58657459,91.55432510,0.43402095,-2.99469249,-171.69326357
34.20,2.58657459,91.79827881,0.44161394,-2.99469249,-171.69326357
34.25,2.58445081,91.82657623,0.43216081,-3.00868073,-171.63423914
34.30,2.58445081,91.85487366,0.42270768,-3.00868073,-171.63423914
34.35,2.58480699,92.01079941,0.43094435,-2.96601449,-171.32398807
34.40,2.58480699,92.16672516,0.43918103,-2.96601449,-171.32398807
34.45,2.59156015,92.36384201,0.39200611,-3.02755097,-170.92286606
34.50,2.59156015,92.56095886,0.34483120,-3.02755097,-170.92286606
34.55,2.58809716,92.62926483,0.37974735,-2.94672727,-170.79257619
34.60,2.58809716,92.69757080,0.41466349,-2.94672727,-170.79257619
34.65,2.58646929,92.86541367,0.37252016,-3.00307578,-170.45068618
34.70,2.58646929,93.03325653,0.33037683,-3.00307578,-170.45068618
34.75,2.59174823,93.19600677,0.34430939,-2.94891086,-170.12961687
34.80,2.59174823,93.35875702,0.35824195,-2.94891086,-170.12961687
34.85,2.58850317,93.56269836,0.35552798,-2.92126111,-169.72257512
34.90,2.58850317,93.76663971,0.35281402,-2.92126111,-169.72257512
34.95,2.59464865,93.89349365,0.35131982,-2.90365869,-169.46936089
35.00,2.59464865,94.02034760,0.34982562,-2.90365869,-169.46936089
35.05,2.59923969,94.14602661,0.34198810,-2.89879444,-169.21460485
35.10,2.59923969,94.27170563,0.33415058,-2.89879444,-169.21460485
35.15,2.60247512,94.39953613,0.34186551,-2.86298340,-168.96321949
35.20,2.60247512,94.52736664,0.34958044,-2.86298340,-168.96321949
35.25,2.60872079,94.66592789,0.34775081,-2.84425571,-168.68594632
35.30,2.60872079,94.80448914,0.34592119,-2.84425571,-168.68594632
35.35,2.61650446,94.94871140,0.34076937,-2.83121299,-168.39712376
35.40,2.61650446,95.09293365,0.33561754,-2.83121299,-168.39712376
35.45,2.62516031,95.28321457,0.36217785,-2.74779196,-168.02260070
35.50,2.62516031,95.47349548,0.38873816,-2.74779196,-168.02260070
35.55,2.62858473,95.62669754,0.41270648,-2.67540572,-167.72109682
35.60,2.62858473,95.77989960,0.43667480,-2.67540572,-167.72109682
35.65,2.63323018,95.90578079,0.41002300,-2.70832121,-167.46569140
35.70,2.63323018,96.03166199,0.38337120,-2.70832121,-167.46569140
35.75,2.63262715,96.18173218,0.33927825,-2.77233716,-167.16073049
35.80,2.63262715,96.33180237,0.29518530,-2.77233716,-167.16073049
35.85,2.63472163,96.50842667,0.32436839,-2.68576330,-166.81087995
35.90,2.63472163,96.68505096,0.35355148,-2.68576330,-166.81087995
35.95,2.63343079,96.84606171,0.34952623,-2.66820055,-166.49115920
36.00,2.63343079,97.00707245,0.34550098,-2.66820055,-166.49115920
36.05,2.63871995,97.01780701,0.38075244,-2.59622045,-166.47567115
36.10,2.63871995,97.02854156,0.41600391,-2.59622045,-166.47567115
36.15,2.64270506,97.29180145,0.41351645,-2.55909898,-165.94832052
36.20,2.64270506,97.55506134,0.41102898,-2.55909898,-165.94832052
36.25,2.64644642,97.68484116,0.40092021,-2.55856160,-165.68748078
36.30,2.64644642,97.81462097,0.39081144,-2.55856160,-165.68748078
36.35,2.64160739,97.90341949,0.41284338,-2.50064882,-165.51530933
36.40,2.64160739,97.99221802,0.43487531,-2.50064882,-165.51530933
36.45,2.64603729,98.27500153,0.45681478,-2.41230223,-164.95627756
36.50,2.64603729,98.55778503,0.47875425,-2.41230223,-164.95627756
36.55,2.64833521,98.66316986,0.46326336,-2.42648746,-164.74333456
36.60,2.64833521,98.76855469,0.44777247,-2.42648746,-164.74333456
36.65,2.64532359,98.93033600,0.45596130,-2.38454332,-164.42123674
36.70,2.64532359,99.09211731,0.46415013,-2.38454332,-164.42123674
36.75,2.64955350,99.21018982,0.48054068,-2.33327311,-164.18969036
36.80,2.64955350,99.32826233,0.49693123,-2.33327311,-164.18969036
36.85,2.65445039,99.44633865,0.47238351,-2.36353043,-163.95024295
36.90,2.65445039,99.56441498,0.44783580,-2.36353043,-163.95024295
36.95,2.65708709,99.67077637,0.44718018,-2.34796818,-163.73766791
37.00,2.65708709,99.77713776,0.44652456,-2.34796818,-163.73766791
37.05,3.05567236,99.96721649,0.44455566,-2.32150523,-163.35491090
37.10,3.05567236,100.15729523,0.44258675,-2.32150523,-163.35491090
37.15,3.10546952,100.32806015,0.37493630,-2.42919164,-163.00629938
37.20,3.10546952,100.49882507,0.30728585,-2.42919164,-163.00629938
37.25,3.08152744,100.66178513,0.37466186,-2.26874439,-162.69232005
37.30,3.08152744,100.82474518,0.44203788,-2.26874439,-162.69232005
37.35,3.11193282,100.95237350,0.41358940,-2.30507850,-162.43432120
37.40,3.11193282,101.08000183,0.38514093,-2.30507850,-162.43432120
37.45,3.10477552,101.26150513,0.37021405,-2.30515041,-162.06912590
37.50,3.10477552,101.44300842,0.35528716,-2.30515041,-162.06912590
37.55,3.09626437,101.60694504,0.37591645,-2.23741320,-161.74742793
37.60,3.09626437,101.77088165,0.39654574,-2.23741320,-161.74742793
37.65,3.10506852,101.94339371,0.34185299,-2.31809159,-161.39240267
37.70,3.10506852,102.11590576,0.28716025,-2.31809159,-161.39240267
37.75,3.10522284,102.21055984,0.33014129,-2.21695390,-161.21329341
37.80,3.10522284,102.30521393,0.37312233,-2.21695390,-161.21329341
37.85,2.69836455,102.44768143,0.39091547,-2.15775568,-160.93046966
37.90,2.69836455,102.59014893,0.40870860,-2.15775568,-160.93046966
37.95,2.70350388,102.66430664,0.46510692,-2.03315735,-160.79291555
38.00,2.70350388,102.73846436,0.52150524,-2.03315735,-160.79291555
38.05,2.71311512,102.94708633,0.39977579,-2.24114551,-160.35658676
38.10,2.71311512,103.15570831,0.27804634,-2.24114551,-160.35658676
38.15,2.71830892,103.30988693,0.31413627,-2.14363198,-160.05655675
38.20,2.71830892,103.46406555,0.35022619,-2.14363198,-160.05655675
38.25,2.72394369,103.58897018,0.41222095,-1.99919935,-159.81739656
38.30,2.72394369,103.71387482,0.47421572,-1.99919935,-159.81739656
38.35,2.73203950,103.92249298,0.44698264,-2.01875534,-159.39730157
38.40,2.73203950,104.13111115,0.41974956,-2.01875534,-159.39730157
38.45,2.74118987,104.22576523,0.43973836,-1.96312072,-159.21071199
38.50,2.74118987,104.32041931,0.45972717,-1.96312072,-159.21071199
38.55,2.74681481,104.43849182,0.47053728,-1.92192616,-158.97653757
38.60,2.74681481,104.55656433,0.48134738,-1.92192616,-158.97653757
38.65,2.74721053,104.70196152,0.48811705,-1.88451585,-158.69012543
38.70,2.74721053,104.84735870,0.49488673,-1.88451585,-158.69012543
38.75,2.75120990,104.94396210,0.49746345,-1.86329725,-158.49719947
38.80,2.75120990,105.04056549,0.50004017,-1.86329725,-158.49719947
38.85,2.76109901,105.23357010,0.50665578,-1.81814170,-158.11410414
38.90,2.76109901,105.42657471,0.51327139,-1.81814170,-158.11410414
38.95,2.77121577,105.67052460,0.50316271,-1.79782539,-157.62645836
39.00,2.77121577,105.91447449,0.49305403,-1.79782539,-157.62645836
39.05,2.77631978,106.09675217,0.39806737,-1.95639714,-157.24626361
39.10,2.77631978,106.27902985,0.30308071,-1.95639714,-157.24626361
39.15,2.77352790,106.43125534,0.31014009,-1.91645854,-156.94413751
39.20,2.77352790,106.58348083,0.31719947,-1.91645854,-156.94413751
39.25,2.77106823,106.64788437,0.38035271,-1.77970143,-156.82697994
39.30,2.77106823,106.71228790,0.44350594,-1.77970143,-156.82697994
39.35,2.77748323,106.84012222,0.44152384,-1.76163418,-156.56895054
39.40,2.77748323,106.96795654,0.43954173,-1.76163418,-156.56895054
39.45,2.76988217,107.13265991,0.44390169,-1.72493463,-156.24763762
39.50,2.76988217,107.29736328,0.44826165,-1.72493463,-156.24763762
39.55,2.77193261,107.50228500,0.37091364,-1.84307854,-155.82483971
39.60,2.77193261,107.70720673,0.29356563,-1.84307854,-155.82483971
39.65,2.77165039,107.78527069,0.35447738,-1.70813868,-155.68092699
39.70,2.77165039,107.86333466,0.41538912,-1.70813868,-155.68092699
39.75,2.77228663,108.05536652,0.44827658,-1.60872926,-155.30352537
39.80,2.77228663,108.24739838,0.48116404,-1.60872926,-155.30352537
39.85,2.77010720,108.33619690,0.46683188,-1.62165886,-155.12543472
39.90,2.77010720,108.42499542,0.45249972,-1.62165886,-155.12543472
39.95,2.77740164,108.61527634,0.47224455,-1.54850735,-154.74944386
40.00,2.77740164,108.80555725,0.49198937,-1.54850735,-154.74944386
40.05,2.78580766,108.96538925,0.52782306,-1.44872884,-154.43710695
40.10,2.78580766,109.12522125,0.56365675,-1.44872884,-154.43710695
40.15,2.78576108,109.23060989,0.54241747,-1.47218916,-154.22211129
40.20,2.78576108,109.33599854,0.52117819,-1.47218916,-154.22211129
40.25,2.79407453,109.43065262,0.52221498,-1.45330814,-154.03419478
40.30,2.79407453,109.52530670,0.52325177,-1.45330814,-154.03419478
40.35,2.79931307,109.71168518,0.51103881,-1.44440868,-153.65991205
40.40,2.79931307,109.89806366,0.49882585,-1.44440868,-153.65991205
40.45,2.80319341,110.02959061,0.52481738,-1.36928121,-153.40285009
40.50,2.80319341,110.16111755,0.55080891,-1.36928121,-153.40285009
40.55,2.81214643,110.23527908,0.49909149,-1.45917116,-153.24605007
40.60,2.81214643,110.30944061,0.44737408,-1.45917116,-153.24605007
40.65,2.82030400,110.49289322,0.46435910,-1.39270302,-152.88251652
40.70,2.82030400,110.67634583,0.48134413,-1.39270302,-152.88251652
40.76,2.82004236,110.86955261,0.46199584,-1.39711293,-152.49535153
40.80,2.82004236,111.06275940,0.44264755,-1.39711293,-152.49535153
40.85,2.81812363,111.20307922,0.42738897,-1.40279549,-152.21349641
40.90,2.81812363,111.34339905,0.41213039,-1.40279549,-152.21349641
40.95,2.82294711,111.36193848,0.42440434,-1.37491743,-152.17701058
41.00,2.82294711,111.38047791,0.43667829,-1.37491743,-152.17701058
41.05,2.81986625,111.62736130,0.45553902,-1.29381028,-151.68918760
41.10,2.81986625,111.87424469,0.47439975,-1.29381028,-151.68918760
41.15,2.82022010,111.93864822,0.45538655,-1.32015434,-151.55581378
41.20,2.82022010,112.00305176,0.43637335,-1.32015434,-151.55581378
41.25,2.81526698,112.21459198,0.43957235,-1.27630003,-151.13463898
41.30,2.81526698,112.42613220,0.44277135,-1.27630003,-151.13463898
41.35,2.80698834,112.57445526,0.41108820,-1.31331897,-150.83569712
41.40,2.80698834,112.72277832,0.37940505,-1.31331897,-150.83569712
41.45,2.80540190,112.82816696,0.45757614,-1.13893641,-150.63986034
41.50,2.80540190,112.93355560,0.53574723,-1.13893641,-150.63986034
41.55,2.80194627,113.15388489,0.51424874,-1.14236874,-150.19695465
41.60,2.80194627,113.37421417,0.49275026,-1.14236874,-150.19695465
41.65,2.79407018,113.43178558,0.50952952,-1.09864353,-150.08563997
41.70,2.79407018,113.48935699,0.52630877,-1.09864353,-150.08563997
41.75,2.79283955,113.62889862,0.52123153,-1.08364643,-149.80628209
41.80,2.79283955,113.76844025,0.51615429,-1.08364643,-149.80628209
41.85,2.78888624,113.87284851,0.49871181,-1.09963876,-149.59519490
41.90,2.78888624,113.97725677,0.48126933,-1.09963876,-149.59519490
41.95,2.78875500,114.17612076,0.53313993,-0.96029702,-149.21251270
42.00,2.78875500,114.37498474,0.58501053,-0.96029702,-149.21251270
42.05,2.79319013,114.52428436,0.59643051,-0.91006554,-148.91744841
42.10,2.79319013,114.67358398,0.60785049,-0.91006554,-148.91744841
42.15,2.79096460,114.81507492,0.53952888,-1.02007646,-148.62326487
42.20,2.79096460,114.95656586,0.47120726,-1.02007646,-148.62326487
42.25,2.78637969,115.12225342,0.46719109,-0.99696725,-148.29249533
42.30,2.78637969,115.28794098,0.46317491,-0.99696725,-148.29249533
42.35,2.78799244,115.40601349,0.48303421,-0.93509325,-148.06218869
42.40,2.78799244,115.52408600,0.50289351,-0.93509325,-148.06218869
42.45,2.79318013,115.67338562,0.46304533,-0.98607049,-147.75727771
42.50,2.79318013,115.82268524,0.42319715,-0.98607049,-147.75727771
42.55,2.79762451,115.95714188,0.47165248,-0.86385425,-147.49660271
42.60,2.79762451,116.09159851,0.52010781,-0.86385425,-147.49660271
42.65,2.79666960,116.22723389,0.49224378,-0.89290013,-147.22010475
42.70,2.79666960,116.36286926,0.46437976,-0.89290013,-147.22010475
42.75,2.79770559,116.50143433,0.46061374,-0.87347992,-146.94325087
42.80,2.79770559,116.63999939,0.45684773,-0.87347992,-146.94325087
42.85,2.79934210,116.79417801,0.45777017,-0.84179690,-146.63724778
42.90,2.79934210,116.94835663,0.45869261,-0.84179690,-146.63724778
42.95,2.80226203,117.12867737,0.44727202,-0.82963546,-146.27967162
43.00,2.80226203,117.30899811,0.43585142,-0.82963546,-146.27967162
43.05,2.80272781,117.38803864,0.44513686,-0.79557747,-146.12362875
43.10,2.80272781,117.46707916,0.45442230,-0.79557747,-146.12362875
43.15,2.80556810,117.76470184,0.47255863,-0.70097200,-145.53386039
43.20,2.80556810,118.06232452,0.49069497,-0.70097200,-145.53386039
43.25,2.79917506,118.22117615,0.41612816,-0.81820008,-145.20403728
43.30,2.79917506,118.38002777,0.34156135,-0.81820008,-145.20403728
43.35,2.80373655,118.56445312,0.40251088,-0.66056233,-144.84896774
43.40,2.80373655,118.74887848,0.46346042,-0.66056233,-144.84896774
43.45,3.16764456,118.92432404,0.53558366,-0.48235411,-144.51318027
43.50,3.16764456,119.09976959,0.60770690,-0.48235411,-144.51318027
43.55,3.12323089,119.19247437,0.55631629,-0.56624887,-144.31718879
43.60,3.12323089,119.28517914,0.50492567,-0.56624887,-144.31718879
43.65,2.80933885,119.43935776,0.46137972,-0.62257212,-144.00199658
43.70,2.80933885,119.59353638,0.41783378,-0.62257212,-144.00199658
43.75,3.20899966,119.74381256,0.47340976,-0.48255176,-143.71586755
43.80,3.20899966,119.89408875,0.52898574,-0.48255176,-143.71586755
43.85,3.27319183,120.04317856,0.49776448,-0.51511434,-143.41136746
43.90,3.27319183,120.19226837,0.46654323,-0.51511434,-143.41136746
43.95,3.24265894,120.43817139,0.53750281,-0.32522290,-142.93657234
44.00,3.24265894,120.68407440,0.60846239,-0.32522290,-142.93657234
44.05,3.27462383,120.80897903,0.53645839,-0.44379057,-142.67376142
44.10,3.27462383,120.93388367,0.46445438,-0.44379057,-142.67376142
44.15,3.26969423,121.08590698,0.46324584,-0.41612027,-142.37292427
44.20,3.26969423,121.23793030,0.46203730,-0.41612027,-142.37292427
44.25,3.34834376,121.41747665,0.46735469,-0.36983414,-142.01875426
44.30,3.34834376,121.59702301,0.47267208,-0.36983414,-142.01875426
44.35,3.39067796,121.75217819,0.48869668,-0.30681130,-141.71212711
44.40,3.39067796,121.90733337,0.50472128,-0.30681130,-141.71212711
44.45,3.38023366,122.04666901,0.56293371,-0.16305800,-141.44529393
44.50,3.38023366,122.18600464,0.62114614,-0.16305800,-141.44529393
44.55,3.32611566,122.33920670,0.58381012,-0.20693730,-141.13283436
44.60,3.32611566,122.49240875,0.54647410,-0.20693730,-141.13283436
44.65,3.27873141,122.69342422,0.54175517,-0.17641345,-140.73170631
44.70,3.27873141,122.89443970,0.53703624,-0.17641345,-140.73170631
44.75,3.27398555,123.07281113,0.53919634,-0.13711467,-140.37769555
44.80,3.27398555,123.25118256,0.54135644,-0.13711467,-140.37769555
44.85,3.36913437,123.41218948,0.54301834,-0.10239410,-140.05557143
44.90,3.36913437,123.57319641,0.54468024,-0.10239410,-140.05557143
44.95,3.45070129,123.76933289,0.54434100,-0.06504909,-139.66528099
45.00,3.45070129,123.96546936,0.54400176,-0.06504909,-139.66528099
45.05,3.45983182,124.12139893,0.53706169,-0.04863079,-139.35336541
45.10,3.45983182,124.27732849,0.53012162,-0.04863079,-139.35336541
45.15,3.49689986,124.35734558,0.54406115,-0.00532208,-139.19597420
45.20,3.49689986,124.43736267,0.55800068,-0.00532208,-139.19597420
45.25,3.50138682,124.68326569,0.54454142,0.01543336,-138.70438657
45.30,3.50138682,124.92916870,0.53108215,0.01543336,-138.70438657
45.35,3.52171880,125.10754013,0.53211513,0.05241532,-138.35016678
45.40,3.52171880,125.28591156,0.53314811,0.05241532,-138.35016678
45.45,3.45970166,125.44594574,0.57263827,0.16263127,-138.04094295
45.50,3.45970166,125.60597992,0.61212844,0.16263127,-138.04094295
45.55,3.51705437,125.79626465,0.55355641,0.08391642,-137.64987872
45.60,3.51705437,125.98654938,0.49498439,0.08391642,-137.64987872
45.65,3.52487703,126.19321060,0.51624304,0.16772294,-137.24273005
45.70,3.52487703,126.39987183,0.53750169,0.16772294,-137.24273005
45.75,3.52916148,126.58039856,0.53761983,0.20430548,-136.88386000
45.80,3.52916148,126.76092529,0.53773797,0.20430548,-136.88386000
45.85,3.48485884,126.92953491,0.50437100,0.17178026,-136.54271311
45.90,3.48485884,127.09814453,0.47100404,0.17178026,-136.54271311
45.95,3.50539133,127.26501083,0.49026488,0.24359685,-136.21372072
46.00,3.50539133,127.43187714,0.50952572,0.24359685,-136.21372072
46.05,3.49243292,127.58117294,0.48578988,0.22626108,-135.91183560
46.10,3.49243292,127.73046875,0.46205404,0.22626108,-135.91183560
46.15,3.48595913,127.90514374,0.47081347,0.27857705,-135.56685689
46.20,3.48595913,128.07981873,0.47957289,0.27857705,-135.56685689
46.25,3.52136969,128.25623322,0.49320203,0.34076549,-135.21722194
46.30,3.52136969,128.43264771,0.50683117,0.34076549,-135.21722194
46.35,3.53667404,128.62000275,0.48676810,0.33793609,-134.84017304
46.40,3.53667404,128.80735779,0.46670502,0.33793609,-134.84017304
46.45,3.50037243,128.99841309,0.43904105,0.32071349,-134.45341165
46.50,3.50037243,129.18946838,0.41137707,0.32071349,-134.45341165
46.55,3.43797747,129.33876801,0.44080362,0.40865699,-134.16105733
46.60,3.43797747,129.48806763,0.47023016,0.40865699,-134.16105733
46.65,2.98049842,129.65297699,0.37271184,0.24689301,-133.81376632
46.70,2.98049842,129.81788635,0.27519351,0.24689301,-133.81376632
46.75,2.99085186,130.05285645,0.29132928,0.32467989,-133.35152290
46.80,2.99085186,130.28782654,0.30746505,0.32467989,-133.35152290
46.85,2.99325710,130.43809509,0.32552557,0.38986712,-133.05525371
46.90,2.99325710,130.58836365,0.34358609,0.38986712,-133.05525371
46.95,3.00703570,130.71424866,0.34893303,0.42499281,-132.80527232
47.00,3.00703570,130.84013367,0.35427997,0.42499281,-132.80527232
47.05,3.00885968,130.97360992,0.34996955,0.44230158,-132.53890935
47.10,3.00885968,131.10708618,0.34565914,0.44230158,-132.53890935
47.15,3.01264577,131.27883148,0.33598146,0.45585655,-132.19617778
47.20,3.01264577,131.45057678,0.32630378,0.45585655,-132.19617778
47.25,3.01723339,131.57157898,0.32727960,0.48116495,-131.95369286
47.30,3.01723339,131.69258118,0.32825541,0.48116495,-131.95369286
47.35,3.02636543,131.96950531,0.37336424,0.62366661,-131.41272451
47.40,3.02636543,132.24642944,0.41847306,0.62366661,-131.41272451
47.45,3.03674419,132.36937714,0.41235049,0.63478487,-131.16548051
47.50,3.03674419,132.49232483,0.40622792,0.63478487,-131.16548051
47.55,3.00577484,132.63577271,0.36491273,0.57932724,-130.87472568
47.60,3.00577484,132.77922058,0.32359755,0.57932724,-130.87472568
47.65,2.98519584,132.97320557,0.31826694,0.60557239,-130.48329125
47.70,2.98519584,133.16719055,0.31293634,0.60557239,-130.48329125
47.75,2.93834130,133.42480469,0.31840429,0.66402089,-129.97200548
47.80,2.93834130,133.68241882,0.32387224,0.66402089,-129.97200548
47.85,2.85709288,133.76731110,0.31137353,0.65500028,-129.79873408
47.90,2.85709288,133.85220337,0.29887483,0.65500028,-129.79873408
47.95,2.74828465,134.11547089,0.30755959,0.72033012,-129.27766855
48.00,2.74828465,134.37873840,0.31624436,0.72033012,-129.27766855
48.05,2.59237652,134.43045807,0.30990918,0.71699200,-129.17454730
48.10,2.59237652,134.48217773,0.30357400,0.71699200,-129.17454730
48.15,2.45643982,134.62659454,0.30455744,0.74522320,-128.88616362
48.20,2.45643982,134.77101135,0.30554089,0.74522320,-128.88616362
48.25,2.31774787,134.90372467,0.30712278,0.77260895,-128.62028071
48.30,2.31774787,135.03643799,0.30870467,0.77260895,-128.62028071
48.35,2.15848192,135.18455505,0.30828080,0.79819903,-128.32643413
48.40,2.15848192,135.33267212,0.30785692,0.79819903,-128.32643413
48.45,2.40450918,135.52783203,0.31903490,0.85527984,-127.94008639
48.50,2.40450918,135.72299194,0.33021289,0.85527984,-127.94008639
48.55,1.80815240,136.07310486,0.28872466,0.83509884,-127.23344781
48.60,1.80815240,136.42321777,0.24723643,0.83509884,-127.23344781
48.65,2.32533268,136.61398315,0.29172695,0.95754248,-126.86127082
48.70,2.32533268,136.80474854,0.33621746,0.95754248,-126.86127082
48.75,2.35172782,137.02459717,0.33575796,0.99554136,-126.42411598
48.80,2.35172782,137.24444580,0.33529845,0.99554136,-126.42411598
48.85,2.11424527,137.10217285,0.32761991,0.95505181,-126.70558384
48.90,2.11424527,136.95989990,0.31994137,0.95505181,-126.70558384
48.95,2.16372527,137.12900543,0.33006325,1.00526433,-126.37015803
49.00,2.16372527,137.29811096,0.34018514,1.00526433,-126.37015803
49.05,2.34885712,137.83460236,0.35799989,1.13609660,-125.30644062
49.10,2.34885712,138.37109375,0.37581465,1.13609660,-125.30644062
49.15,2.28756446,138.58381653,0.38996002,1.20237523,-124.88502771
49.20,2.28756446,138.79653931,0.40410540,1.20237523,-124.88502771
49.25,2.15062914,138.93217468,0.30548425,1.03021026,-124.59724761
49.30,2.15062914,139.06781006,0.20686311,1.03021026,-124.59724761
49.35,2.16206794,138.83947754,0.29210885,1.15912012,-125.06750127
49.40,2.16206794,138.61114502,0.37735459,1.15912012,-125.06750127
49.45,1.92433536,138.73409271,0.37587945,1.17821707,-124.82207982
49.50,1.92433536,138.85704041,0.37440431,1.17821707,-124.82207982
49.55,1.95831978,139.03492737,0.37246877,1.20635740,-124.46654986
49.60,1.95831978,139.21281433,0.37053323,1.20635740,-124.46654986
49.65,2.03184170,139.40211487,0.38007024,1.25944483,-124.09203865
49.70,2.03184170,139.59141541,0.38960725,1.25944483,-124.09203865
49.75,1.82937047,139.72119904,0.39716977,1.29797583,-123.83434797
49.80,1.82937047,139.85098267,0.40473229,1.29797583,-123.83434797
49.85,1.56474504,139.99568939,0.41221829,1.33894303,-123.54800114
49.90,1.56474504,140.14039612,0.41970429,1.33894303,-123.54800114
49.95,1.64933819,140.31359863,0.42847513,1.38764523,-123.20369638
50.00,1.64933819,140.48680115,0.43724597,1.38764523,-123.20369638
50.05,1.61299450,140.64147186,0.42346267,1.38795275,-122.89366748
50.10,1.61299450,140.79614258,0.40967938,1.38795275,-122.89366748
50.15,1.39855349,140.93177795,0.40905806,1.41111531,-122.62329122
50.20,1.39855349,141.06741333,0.40843675,1.41111531,-122.62329122
50.25,1.36413134,141.22480011,0.40818840,1.43834166,-122.30920099
50.30,1.36413134,141.38218689,0.40794006,1.43834166,-122.30920099
50.35,1.70258860,141.60125732,0.40867572,1.47825582,-121.87229854
50.40,1.70258860,141.82032776,0.40941137,1.47825582,-121.87229854
50.45,2.14415719,142.05139160,0.42582600,1.55100886,-121.41441147
50.50,2.14415719,142.28245544,0.44224063,1.55100886,-121.41441147
50.55,2.57025148,142.52738190,0.46294610,1.63382189,-120.93055429
50.60,2.57025148,142.77230835,0.48365158,1.63382189,-120.93055429
50.65,2.93998895,143.01166534,0.49674082,1.70061768,-120.45269542
50.70,2.93998895,143.25102234,0.50983006,1.70061768,-120.45269542
50.75,3.03686454,143.46765137,0.50055224,1.71826081,-120.01996728
50.80,3.03686454,143.68428040,0.49127442,1.71826081,-120.01996728
50.85,3.35902616,143.92364502,0.47322945,1.72224146,-119.53991646
50.90,3.35902616,144.16300964,0.45518449,1.72224146,-119.53991646
50.95,3.57095466,144.39329529,0.45256962,1.75522310,-119.08024290
51.00,3.57095466,144.62358093,0.44995475,1.75522310,-119.08024290
51.05,3.76094195,144.85436249,0.46022362,1.81394240,-118.62194149
51.10,3.76094195,145.08514404,0.47049248,1.81394240,-118.62194149
51.15,3.99250726,145.32645416,0.48036464,1.87334758,-118.14225715
51.20,3.99250726,145.56776428,0.49023679,1.87334758,-118.14225715
51.25,4.06322456,145.78829193,0.49652617,1.92213042,-117.70400484
51.30,4.06322456,146.00881958,0.50281554,1.92213042,-117.70400484
51.35,4.18897120,146.23500824,0.52156094,1.99642656,-117.25544632
51.40,4.18897120,146.46119690,0.54030633,1.99642656,-117.25544632
51.45,4.35565750,146.69880676,0.55707037,2.06847240,-116.78437312
51.50,4.35565750,146.93641663,0.57383442,2.06847240,-116.78437312
51.55,4.41083307,147.15966797,0.57770848,2.11207807,-116.33882458
51.60,4.41083307,147.38291931,0.58158255,2.11207807,-116.33882458
51.65,4.51807647,147.62199402,0.59082988,2.16848675,-115.86414461
51.70,4.51807647,147.86106873,0.60007721,2.16848675,-115.86414461
51.75,4.55699467,148.08530426,0.61035359,2.22436136,-115.41815997
51.80,4.55699467,148.30953979,0.62062997,2.22436136,-115.41815997
51.85,4.64109151,148.54226685,0.62884048,2.27700423,-114.95482218
51.90,4.64109151,148.77499390,0.63705099,2.27700423,-114.95482218
51.95,4.54920928,148.97678375,0.64676964,2.32767982,-114.55575139
52.00,4.54920928,149.17857361,0.65648830,2.32767982,-114.55575139
52.05,4.71883497,149.42106628,0.66373822,2.37999098,-114.07252354
52.10,4.71883497,149.66355896,0.67098814,2.37999098,-114.07252354
52.15,4.55183477,149.85627747,0.67465505,2.41729870,-113.68926102
52.20,4.55183477,150.04899597,0.67832196,2.41729870,-113.68926102
52.25,4.48402497,150.24980927,0.67916867,2.45077230,-113.28822278
52.30,4.48402497,150.45062256,0.68001539,2.45077230,-113.28822278
52.35,4.50451067,150.66822815,0.68615231,2.49743150,-112.85614716
52.40,4.50451067,150.88583374,0.69228923,2.49743150,-112.85614716
52.45,4.46793784,151.07933044,0.62740627,2.39898782,-112.45976176
52.50,4.46793784,151.27282715,0.56252331,2.39898782,-112.45976176
52.55,4.42679756,151.49287415,0.63504571,2.57908508,-112.03229282
52.60,4.42679756,151.71292114,0.70756811,2.57908508,-112.03229282
52.65,4.33550620,151.90759277,0.70769772,2.61069941,-111.64474843
52.70,4.33550620,152.10226440,0.70782733,2.61069941,-111.64474843
52.75,4.27545201,152.29965973,0.70888829,2.64505589,-111.25383770
52.80,4.27545201,152.49705505,0.70994925,2.64505589,-111.25383770
52.85,4.23458248,152.69953918,0.71680284,2.69200915,-110.85131632
52.90,4.23458248,152.90202332,0.72365642,2.69200915,-110.85131632
52.95,4.21925394,153.06136322,0.76675123,2.80413336,-110.54298780
53.00,4.21925394,153.22070312,0.80984604,2.80413336,-110.54298780
53.05,4.11800600,153.45099640,0.78805804,2.79962858,-110.07989473
53.10,4.11800600,153.68128967,0.76627004,2.79962858,-110.07989473
53.15,4.05006440,153.81692505,0.72203079,2.73431867,-109.80271372
53.20,4.05006440,153.95256042,0.67779154,2.73431867,-109.80271372
53.25,3.99141876,154.19289398,0.71089810,2.84152189,-109.33039340
53.30,3.99141876,154.43322754,0.74400467,2.84152189,-109.33039340
53.35,3.95992124,154.62106323,0.73842430,2.86299434,-108.95535618
53.40,3.95992124,154.80889893,0.73284394,2.86299434,-108.95535618
53.45,3.90618159,154.99263763,0.73090935,2.89104229,-108.58934269
53.50,3.90618159,155.17637634,0.72897476,2.89104229,-108.58934269
53.55,3.85339124,155.35300446,0.72882229,2.92175746,-108.23740034
53.60,3.85339124,155.52963257,0.72866982,2.92175746,-108.23740034
53.65,3.80382338,155.64867401,0.67108950,2.82797559,-107.98970660
53.70,3.80382338,155.76771545,0.61350918,2.82797559,-107.98970660
53.75,3.76932837,155.98365784,0.62132326,2.88139965,-107.56149804
53.80,3.76932837,156.19960022,0.62913734,2.88139965,-107.56149804
53.85,3.74657496,156.40988922,0.67195857,3.00363649,-107.14948903
53.90,3.74657496,156.62017822,0.71477979,3.00363649,-107.14948903
53.95,3.71494249,156.80947876,0.71137208,3.03006348,-106.77151070
54.00,3.71494249,156.99877930,0.70796436,3.03006348,-106.77151070
54.05,3.71732637,157.18495941,0.70967209,3.06619545,-106.40176230
54.10,3.71732637,157.37113953,0.71137983,3.06619545,-106.40176230
54.15,3.66671967,157.52922058,0.71521443,3.10177907,-106.08727518
54.20,3.66671967,157.68730164,0.71904904,3.10177907,-106.08727518
54.25,3.64650837,157.87172699,0.72439313,3.14492374,-105.72145731
54.30,3.64650837,158.05615234,0.72973722,3.14492374,-105.72145731
54.35,3.63137591,158.22720337,0.73877883,3.19343024,-105.38314750
54.40,3.63137591,158.39825439,0.74782044,3.19343024,-105.38314750
54.45,3.57393594,158.53779602,0.74589932,3.21462454,-105.10493679
54.50,3.57393594,158.67733765,0.74397820,3.21462454,-105.10493679
54.55,3.44504452,158.75881958,0.75427756,3.24975753,-104.94426932
54.60,3.44504452,158.84030151,0.76457691,3.24975753,-104.94426932
54.65,3.31202700,158.84420013,0.77664492,3.27451475,-104.93848723
54.70,3.31202700,158.84809875,0.78871292,3.27451475,-104.93848723
54.75,3.24933958,158.94909668,0.78065488,3.27657063,-104.73591419
54.80,3.24933958,159.05009460,0.77259684,3.27657063,-104.73591419
54.85,3.15580064,159.10746765,0.77018827,3.28213549,-104.62130937
54.90,3.15580064,159.16484070,0.76777971,3.28213549,-104.62130937
54.95,3.03444423,159.19557953,0.71734250,3.18716546,-104.55171216
55.00,3.03444423,159.22631836,0.66690528,3.18716546,-104.55171216
