57.65,1.51243003,159.01594543,-16.39171600,-13.82167706,-103.23083301
57.70,1.51243003,159.67762756,-16.20969486,-13.82167706,-103.23083301
57.75,1.57878057,160.33930969,-16.02767372,-13.33642721,-101.91737911
57.80,1.57878057,160.20338440,-15.97211790,-13.33642721,-101.91737911
57.85,0.14186882,160.06745911,-15.91656208,-13.25155125,-102.20899217
57.90,0.14186882,160.08014679,-15.92932415,-13.25155125,-102.20899217
57.95,0.41978714,160.09283447,-15.94208622,-13.27470313,-102.18194994
58.00,0.41978714,160.08112335,-15.96462107,-13.27470313,-102.18194994
58.05,0.32898528,160.06941223,-15.98715591,-13.32177430,-102.20186358
58.10,0.32898528,160.09185791,-16.05560017,-13.32177430,-102.20186358
58.15,0.12247484,160.11430359,-16.12404442,-13.45393987,-102.14363345
58.20,0.12247484,160.10063934,-16.11454582,-13.45393987,-102.14363345
58.25,0.13053845,160.08697510,-16.10504723,-13.43755174,-102.17332216
58.30,0.13053845,160.05867767,-16.08731461,-13.43755174,-102.17332216
58.35,0.03661181,160.03038025,-16.06958199,-13.40738168,-102.23283750
58.40,0.03661181,160.01330566,-16.07792187,-13.40738168,-102.23283750
58.45,0.19947836,159.99623108,-16.08626175,-13.42705537,-102.26524565
58.50,0.19947836,159.96598053,-16.09057713,-13.42705537,-102.26524565
58.55,0.35208136,159.93572998,-16.09489250,-13.44119630,-102.32526034
58.60,0.35208136,159.94695282,-16.09730148,-13.44119630,-102.32526034
58.65,0.22754205,159.95817566,-16.09971046,-13.44382238,-102.30096916
58.70,0.22754205,159.95622253,-16.08661270,-13.44382238,-102.30096916
58.75,0.08218784,159.95426941,-16.07351494,-13.41818727,-102.30839418
58.80,0.08218784,159.92694855,-16.09297085,-13.41818727,-102.30839418
58.85,0.12662692,159.89962769,-16.11242676,-13.46189111,-102.35912879
58.90,0.12662692,159.91670227,-16.12412071,-13.46189111,-102.35912879
58.95,0.18483174,159.93377686,-16.13581467,-13.48207478,-102.32279325
59.00,0.18483174,159.93768311,-16.14211178,-13.48207478,-102.32279325
59.05,0.10695944,159.94158936,-16.14840889,-13.49391923,-102.31408927
59.10,0.10695944,159.96793365,-16.14450550,-13.49391923,-102.31408927
59.15,0.27084386,159.99427795,-16.14060211,-13.48132987,-102.26206066
59.20,0.27084386,160.00257111,-16.14763069,-13.48132987,-102.26206066
59.25,0.39452050,160.01086426,-16.15465927,-13.49384183,-102.24419495
59.30,0.39452050,160.03526306,-16.15246391,-13.49384183,-102.24419495
59.35,0.48407269,160.05966187,-16.15026855,-13.48497111,-102.19526492
59.40,0.48407269,160.05673218,-16.14857674,-13.48497111,-102.19526492
59.45,0.33261621,160.05380249,-16.14688492,-13.48217658,-102.20208511
59.50,0.33261621,159.99720764,-16.17614365,-13.48217658,-102.20208511
59.55,0.15265600,159.94061279,-16.20540237,-13.55074786,-102.30972409
59.60,0.15265600,159.89962769,-16.22645855,-13.55074786,-102.30972409
59.65,0.48335172,159.85864258,-16.24751472,-13.60010420,-102.38717656
59.70,0.48335172,159.92646027,-16.24204063,-13.60010420,-102.38717656
59.75,0.25995598,159.99427795,-16.23656654,-13.57690817,-102.25323163
59.80,0.25995598,160.00061798,-16.24906921,-13.57690817,-102.25323163
59.85,0.39645292,160.00695801,-16.26157188,-13.60070647,-102.23886960
59.90,0.39645292,160.05477142,-16.25373554,-13.60070647,-102.23886960
59.95,0.43687627,160.10258484,-16.24589920,-13.57636957,-102.14451797
60.00,0.43687627,160.05038452,-16.23696423,-13.57636957,-102.14451797
60.05,0.11176073,159.99818420,-16.22802925,-13.56802826,-102.25004862
60.10,0.11176073,160.02208710,-16.22444630,-13.56802826,-102.25004862
60.15,0.18403985,160.04598999,-16.22086334,-13.55663913,-102.20387036
60.20,0.18403985,160.03135681,-16.22046661,-13.55663913,-102.20387036
60.25,0.12865115,160.01672363,-16.22006989,-13.55852258,-102.23315473
60.30,0.12865115,160.00794220,-16.22010040,-13.55852258,-102.23315473
60.35,0.09045267,159.99916077,-16.22013092,-13.56005458,-102.24933675
60.40,0.09045267,159.98305511,-16.22298241,-13.56005458,-102.24933675
60.45,0.15432218,159.96694946,-16.22583389,-13.56871055,-102.28176494
60.50,0.15432218,159.97329712,-16.23397541,-13.56871055,-102.28176494
60.55,0.14578482,159.97964478,-16.24211693,-13.58378430,-102.26744986
60.60,0.14578482,159.97720337,-16.23859501,-13.58378430,-102.26744986
60.65,0.16821649,159.97476196,-16.23507309,-13.57720620,-102.27305574
60.70,0.16821649,159.94597626,-16.24925327,-13.57720620,-102.27305574
60.75,0.23255667,159.91719055,-16.26343346,-13.61069496,-102.32811065
60.80,0.23255667,159.94011688,-16.27732277,-13.61069496,-102.32811065
60.85,0.27488133,159.96304321,-16.29121208,-13.63420921,-102.27986083
60.90,0.27488133,159.98597717,-16.28076839,-13.63420921,-102.27986083
60.95,0.24443347,160.00891113,-16.27032471,-13.60922712,-102.23592568
61.00,0.24443347,160.04453278,-16.25405598,-13.60922712,-102.23592568
61.05,0.22623836,160.08015442,-16.23778725,-13.57035195,-102.16780868
61.10,0.22623836,160.07917786,-16.22924900,-13.57035195,-102.16780868
61.15,0.16392372,160.07820129,-16.22071075,-13.55354797,-102.17149659
61.20,0.16392372,160.07771301,-16.20689678,-13.55354797,-102.17149659
61.25,0.07435415,160.07722473,-16.19308281,-13.52608869,-102.17465864
61.30,0.07435415,160.05575562,-16.19727612,-13.52608869,-102.17465864
61.35,0.08617826,160.03428650,-16.20146942,-13.53827253,-102.21614509
61.40,0.08617826,160.08042908,-16.19144726,-13.53827253,-102.21614509
61.45,0.29426271,160.12657166,-16.18142509,-13.50899253,-102.11553344
61.50,0.29426271,160.09506226,-16.17825794,-13.50899253,-102.11553344
61.55,0.18958191,160.06355286,-16.17509079,-13.50934933,-102.18934369
61.60,0.18958191,160.08161163,-16.17394733,-13.50934933,-102.18934369
61.65,0.16756743,160.09967041,-16.17280388,-13.50386800,-102.15448058
61.70,0.16756743,160.05331421,-16.17541122,-13.50386800,-102.15448058
61.75,0.17220988,160.00695801,-16.17801857,-13.51740527,-102.24548056
61.80,0.17220988,160.05184937,-16.16710186,-13.51740527,-102.24548056
61.85,0.10788689,160.09674072,-16.15618515,-13.48755356,-102.15862542
61.90,0.10788689,160.06014252,-16.17475605,-13.48755356,-102.15862542
61.95,0.06581649,160.02354431,-16.19332695,-13.53121072,-102.22833782
62.00,0.06581649,160.04013824,-16.19544601,-13.53121072,-102.22833782
62.05,0.12100329,160.05673218,-16.19756508,-13.53235705,-102.19418920
62.10,0.12100329,160.04209137,-16.20588970,-13.53235705,-102.19418920
62.15,0.07528754,160.02745056,-16.21421432,-13.55161783,-102.22219317
62.20,0.07528754,160.00549316,-16.21791935,-13.55161783,-102.22219317
62.25,0.11033380,159.98353577,-16.22162437,-13.56297404,-102.26495353
62.30,0.11033380,159.92206573,-16.22787571,-13.56297404,-102.26495353
62.35,0.49767646,159.86059570,-16.23412704,-13.58663262,-102.38675050
62.40,0.49767646,159.83863831,-16.25339985,-13.58663262,-102.38675050
62.45,0.43989820,159.81668091,-16.27267265,-13.62896813,-102.42669902
62.50,0.43989820,159.83082581,-16.25064087,-13.62896813,-102.42669902
62.55,0.28217159,159.84497070,-16.22860909,-13.58247293,-102.40192906
62.60,0.28217159,159.91279602,-16.23254204,-13.58247293,-102.40192906
62.65,0.09680287,159.98062134,-16.23647499,-13.57806483,-102.26701340
62.70,0.09680287,159.96500397,-16.23812199,-13.57806483,-102.26701340
62.75,0.25355585,159.94938660,-16.23976898,-13.58417551,-102.29760668
62.80,0.25355585,159.95280457,-16.24072933,-13.58417551,-102.29760668
62.85,0.26059434,159.95622253,-16.24168968,-13.58544489,-102.29045558
62.90,0.26059434,159.91230774,-16.24473953,-13.58544489,-102.29045558
62.95,0.33533215,159.86839294,-16.24778938,-13.59949679,-102.37765634
63.00,0.33533215,159.88498688,-16.24727058,-13.59949679,-102.37765634
63.05,0.28442345,159.90158081,-16.24675179,-13.59546689,-102.34466929
63.10,0.28442345,159.92987823,-16.23707008,-13.59546689,-102.34466929
63.15,0.21486992,159.95817566,-16.22738838,-13.57101110,-102.28977848
63.20,0.21486992,159.94207001,-16.24077511,-13.57101110,-102.28977848
63.25,0.19603350,159.92596436,-16.25416183,-13.60063771,-102.31979849
63.30,0.19603350,159.90352631,-16.26770115,-13.60063771,-102.31979849
63.35,0.27421922,159.88108826,-16.28124046,-13.63163573,-102.36173877
63.40,0.27421922,159.92353058,-16.27860260,-13.63163573,-102.36173877
63.45,0.32915488,159.96597290,-16.27596474,-13.61875143,-102.27818050
63.50,0.32915488,159.97621918,-16.28997707,-13.61875143,-102.27818050
63.55,0.21623995,159.98646545,-16.30398941,-13.64479952,-102.25518442
63.60,0.21623995,160.00646973,-16.29782963,-13.64479952,-102.25518442
63.65,0.15936970,160.02647400,-16.29166985,-13.62881574,-102.21582142
63.70,0.15936970,160.00744629,-16.30443192,-13.62881574,-102.21582142
63.75,0.29099381,159.98841858,-16.31719398,-13.65772734,-102.25160627
63.80,0.29099381,160.00549316,-16.32312489,-13.65772734,-102.25160627
63.85,0.10211135,160.02256775,-16.32905579,-13.66643679,-102.21666505
63.90,0.10211135,159.99817657,-16.33314228,-13.66643679,-102.21666505
63.95,0.18843889,159.97378540,-16.33722878,-13.67896066,-102.26414665
64.00,0.18843889,159.98841858,-16.34101009,-13.67896066,-102.26414665
64.05,0.13663568,160.00305176,-16.34479141,-13.68393312,-102.23528735
64.10,0.13663568,159.99817657,-16.34756565,-13.68393312,-102.23528735
64.15,0.10917114,159.99330139,-16.35033989,-13.69029326,-102.24368923
64.20,0.10917114,159.99720764,-16.34642220,-13.69029326,-102.24368923
64.25,0.12112955,160.00111389,-16.34250450,-13.68175706,-102.23643679
64.30,0.12112955,160.05184937,-16.35191154,-13.68175706,-102.23643679
64.35,0.16409023,160.10258484,-16.36131859,-13.69131029,-102.13392211
64.40,0.16409023,160.07770538,-16.36720371,-13.69131029,-102.13392211
64.45,0.12582421,160.05282593,-16.37308884,-13.70761835,-102.18320480
64.50,0.12582421,160.07429504,-16.36929226,-13.70761835,-102.18320480
64.55,0.08268102,160.09576416,-16.36549568,-13.69613114,-102.14088626
64.60,0.08268102,160.08063507,-16.37746525,-13.69613114,-102.14088626
64.65,0.12924554,160.06550598,-16.38943481,-13.72268527,-102.16853550
64.70,0.12924554,160.05965424,-16.39628029,-13.72268527,-102.16853550
64.75,0.16713950,160.05380249,-16.40312576,-13.73741032,-102.17911081
64.80,0.16713950,160.07380676,-16.40893459,-13.73741032,-102.17911081
64.85,0.14083079,160.09381104,-16.41474342,-13.74525203,-102.13738788
64.90,0.14083079,160.06404877,-16.41919613,-13.74525203,-102.13738788
64.95,0.09461935,160.03428650,-16.42364883,-13.75958801,-102.19654611
65.00,0.09461935,160.06649017,-16.42465496,-13.75958801,-102.19654611
65.05,0.18755321,160.09869385,-16.42566109,-13.75572134,-102.13186447
65.10,0.18755321,160.05526733,-16.43997765,-13.75572134,-102.13186447
65.15,0.20452022,160.01184082,-16.45429420,-13.79214686,-102.21620843
65.20,0.20452022,160.01623535,-16.46194839,-13.79214686,-102.21620843
65.25,0.23321287,160.02062988,-16.46960258,-13.80663170,-102.20649693
65.30,0.23321287,160.07946014,-16.47996616,-13.80663170,-102.20649693
65.35,0.21726036,160.13829041,-16.49032974,-13.81554993,-102.07564063
65.40,0.21726036,160.16073608,-16.48906422,-13.81554993,-102.07564063
65.45,0.29061141,160.18318176,-16.48779869,-13.80894223,-102.03142214
65.50,0.29061141,160.16512299,-16.45529175,-13.80894223,-102.03142214
65.55,0.27417500,160.14706421,-16.42278481,-13.74746968,-102.07289136
65.60,0.27417500,160.11897278,-16.44999027,-13.74746968,-102.07289136
65.65,0.25196822,160.09088135,-16.47719574,-13.80771712,-102.13454088
65.70,0.25196822,160.11653900,-16.47234249,-13.80771712,-102.13454088
65.75,0.25117798,160.14219666,-16.46748924,-13.79241181,-102.07369396
65.80,0.25117798,160.16609955,-16.46578121,-13.79241181,-102.07369396
65.85,0.28811864,160.19000244,-16.46407318,-13.78471288,-102.02692023
65.90,0.28811864,160.16024017,-16.48372650,-13.78471288,-102.02692023
65.95,0.29594007,160.13047791,-16.50337982,-13.82925820,-102.08223821
66.00,0.29594007,160.16219330,-16.50028515,-13.82925820,-102.08223821
66.05,0.33338280,160.19390869,-16.49719048,-13.81729251,-102.01963168
66.10,0.33338280,160.18463898,-16.50591183,-13.81729251,-102.01963168
66.15,0.18378767,160.17536926,-16.51463318,-13.83636812,-102.03660179
66.20,0.18378767,160.17634583,-16.51777363,-13.83636812,-102.03660179
66.25,0.14090720,160.17732239,-16.52091408,-13.84239711,-102.03359982
66.30,0.14090720,160.15048981,-16.52677727,-13.84239711,-102.03359982
66.35,0.33706588,160.12365723,-16.53264046,-13.85956244,-102.09227630
66.40,0.33706588,160.12287903,-16.53289700,-13.85956244,-102.09227630
66.45,0.29823761,160.12210083,-16.53315353,-13.86072499,-102.09974090
66.50,0.29823761,160.08160400,-16.54815578,-13.86072499,-102.09974090
66.55,0.25689338,160.04110718,-16.56315804,-13.89788008,-102.17664853
66.60,0.25689338,160.07526398,-16.56651306,-13.89788008,-102.17664853
66.65,0.23870237,160.10942078,-16.56986809,-13.89842785,-102.10887746
66.70,0.23870237,160.12824249,-16.56987762,-13.89842785,-102.10887746
66.75,0.16164128,160.14706421,-16.56988716,-13.89395552,-102.05934874
66.80,0.16164128,160.13536072,-16.56800175,-13.89395552,-102.05934874
66.85,0.10735971,160.12365723,-16.56611633,-13.89310522,-102.09146722
66.90,0.10735971,160.05799103,-16.56585693,-13.89310522,-102.09146722
66.95,0.05834207,159.99232483,-16.56559753,-13.90470509,-102.22485471
67.00,0.05834207,160.02404022,-16.57169628,-13.90470509,-102.22485471
67.05,0.21171856,160.05575562,-16.57779503,-13.91117790,-102.16140517
67.10,0.21171856,160.05526733,-16.58078384,-13.91117790,-102.16140517
67.15,0.07070402,160.05477905,-16.58377266,-13.91711872,-102.16087647
67.20,0.07070402,160.03184509,-16.58798122,-13.91711872,-102.16087647
67.25,0.09678911,160.00891113,-16.59218979,-13.92973909,-102.20653836
67.30,0.09678911,159.98451996,-16.57855892,-13.92973909,-102.20653836
67.35,0.28525344,159.96012878,-16.56492805,-13.90702510,-102.25757947
67.40,0.28525344,159.98647308,-16.57733917,-13.90702510,-102.25757947
67.45,0.28673829,160.01281738,-16.58975029,-13.92694273,-102.20252473
67.50,0.28673829,160.03916168,-16.60658264,-13.92694273,-102.20252473
67.55,0.19909463,160.06550598,-16.62341499,-13.95569365,-102.14728143
67.60,0.19909463,160.12434387,-16.59073544,-13.95569365,-102.14728143
67.65,0.19616759,160.18318176,-16.55805588,-13.87883394,-102.02405760
67.70,0.19616759,160.12825012,-16.60945892,-13.87883394,-102.02405760
67.75,0.19523879,160.07331848,-16.66086197,-13.99225169,-102.13571807
67.80,0.19523879,160.06697845,-16.65817833,-13.99225169,-102.13571807
67.85,0.18119584,160.06063843,-16.65549469,-13.98814561,-102.14975943
67.90,0.18119584,160.05770874,-16.66025162,-13.98814561,-102.14975943
67.95,0.12879414,160.05477905,-16.66500854,-13.99808219,-102.15411557
68.00,0.12879414,159.99720764,-16.67737389,-13.99808219,-102.15411557
68.05,0.20724592,159.93963623,-16.68973923,-14.03314726,-102.26618066
68.10,0.20724592,159.98842621,-16.69669247,-14.03314726,-102.26618066
68.15,0.20481900,160.03721619,-16.70364571,-14.03819643,-102.16854666
68.20,0.20481900,160.06258392,-16.70427036,-14.03819643,-102.16854666
68.25,0.20239937,160.08795166,-16.70489502,-14.03476620,-102.11720390
68.30,0.20239937,160.07965851,-16.71155834,-14.03476620,-102.11720390
68.35,0.21133431,160.07136536,-16.71822166,-14.04958292,-102.13270839
68.40,0.21133431,160.12873077,-16.72635841,-14.04958292,-102.13270839
68.45,0.25349019,160.18609619,-16.73449516,-14.05437184,-102.00626993
68.50,0.25349019,160.16463470,-16.73925209,-14.05437184,-102.00626993
68.55,0.19581324,160.14317322,-16.74400902,-14.06767969,-102.04704640
68.60,0.19581324,160.17390442,-16.74937630,-14.06767969,-102.04704640
68.65,0.26254554,160.20463562,-16.75474358,-14.07281688,-101.98575735
68.70,0.26254554,160.14287567,-16.74184895,-14.07281688,-101.98575735
68.75,0.34990609,160.08111572,-16.72895432,-14.05942711,-102.12251102
68.80,0.34990609,160.14336395,-16.75525093,-14.05942711,-102.12251102
68.85,0.35322660,160.20561218,-16.78154755,-14.09936124,-101.98157745
68.90,0.35322660,160.18658447,-16.77578449,-14.09936124,-101.98157745
68.95,0.25422474,160.16755676,-16.77002144,-14.09132103,-102.02024898
69.00,0.25422474,160.16609192,-16.76343441,-14.09132103,-102.02024898
69.05,0.17150286,160.16462708,-16.75684738,-14.07846655,-102.02428629
69.10,0.17150286,160.16999817,-16.76561451,-14.07846655,-102.02428629
69.15,0.32499130,160.17536926,-16.77438164,-14.09496299,-102.01227670
69.20,0.32499130,160.19781494,-16.77650070,-14.09496299,-102.01227670
69.25,0.38540602,160.22026062,-16.77861977,-14.09512346,-101.96766894
69.30,0.38540602,160.22953033,-16.79496479,-14.09512346,-101.96766894
69.35,0.54457516,160.23880005,-16.81130981,-14.12599818,-101.94626891
69.40,0.54457516,160.30710602,-16.83346367,-14.12599818,-101.94626891
69.45,0.43026077,160.37541199,-16.85561752,-14.15764045,-101.80643473
69.50,0.43026077,160.37248230,-16.85708141,-14.15764045,-101.80643473
69.55,0.50928180,160.36955261,-16.85854530,-14.16107900,-101.81173650
69.60,0.50928180,160.38028717,-16.86202145,-14.16107900,-101.81173650
69.65,0.60704220,160.39102173,-16.86549759,-14.16601204,-101.78935860
69.70,0.60704220,160.21509552,-16.86278820,-14.16601204,-101.78935860
69.75,0.62441492,160.03916931,-16.86007881,-14.19385914,-102.15284806
69.80,0.62441492,160.20729065,-16.89075089,-14.19385914,-102.15284806
69.85,0.61359132,160.37541199,-16.92142296,-14.22317241,-101.80020184
69.90,0.61359132,160.29783630,-16.91997433,-14.22317241,-101.80020184
69.95,0.42843155,160.22026062,-16.91852570,-14.23450422,-101.95534839
70.00,0.42843155,160.31491089,-16.92564678,-14.23450422,-101.95534839
70.05,0.35416518,160.40956116,-16.93276787,-14.23128643,-101.76447128
70.10,0.35416518,160.33686066,-16.93659496,-14.23128643,-101.76447128
70.15,0.25134275,160.26416016,-16.94042206,-14.25225324,-101.90932223
70.20,0.25134275,160.27587128,-16.93479538,-14.25225324,-101.90932223
70.25,0.16637636,160.28758240,-16.92916870,-14.23887248,-101.88645362
70.30,0.16637636,160.32710266,-16.93104458,-14.23887248,-101.88645362
70.35,0.15175174,160.36662292,-16.93292046,-14.23538727,-101.80768190
70.40,0.15175174,160.37638092,-16.94406605,-14.23538727,-101.80768190
70.45,0.19018056,160.38613892,-16.95521164,-14.25583481,-101.78647591
70.50,0.19018056,160.34954834,-16.96097469,-14.25583481,-101.78647591
70.55,0.19306428,160.31295776,-16.96673775,-14.27395613,-101.85787221
70.60,0.19306428,160.33589172,-16.98787022,-14.27395613,-101.85787221
70.65,0.25478947,160.35882568,-17.00900269,-14.31180362,-101.80787109
70.70,0.25478947,160.30759430,-17.01924896,-14.31180362,-101.80787109
70.75,0.24170016,160.25636292,-17.02949524,-14.34169550,-101.90922842
70.80,0.24170016,160.26758575,-17.04024410,-14.34169550,-101.90922842
70.85,0.23417711,160.27880859,-17.05099297,-14.36103564,-101.88469698
70.90,0.23417711,160.22123718,-17.07831573,-14.36103564,-101.88469698
70.95,0.32525188,160.16366577,-17.10563850,-14.42597504,-101.99421537
71.00,0.32525188,160.14463043,-17.09905148,-14.42597504,-101.99421537
71.05,0.28604175,160.12559509,-17.09246445,-14.41631564,-102.03309278
71.10,0.28604175,160.17439270,-17.11536598,-14.41631564,-102.03309278
71.15,0.32504564,160.22319031,-17.13826752,-14.45293145,-101.93102874
71.20,0.32504564,160.24172974,-17.13350964,-14.45293145,-101.93102874
71.25,0.24801191,160.26026917,-17.12875175,-14.44004964,-101.89490161
71.30,0.24801191,160.25587463,-17.13591862,-14.44004964,-101.89490161
71.35,0.20570500,160.25148010,-17.14308548,-14.45515088,-101.90263037
71.40,0.20570500,160.28319550,-17.13724518,-14.45515088,-101.90263037
71.45,0.13979321,160.31491089,-17.13140488,-14.43783292,-101.84159586
71.50,0.13979321,160.28075409,-17.13408852,-14.43783292,-101.84159586
71.55,0.16272596,160.24659729,-17.13677216,-14.44940714,-101.90916687
71.60,0.16272596,160.21147156,-17.13018608,-14.44940714,-101.90916687
71.65,0.14587338,160.17634583,-17.12360001,-14.44261039,-101.97910757
71.70,0.14587338,160.11653900,-17.11404514,-14.44261039,-101.97910757
71.75,0.13637113,160.05673218,-17.10449028,-14.43561556,-102.11266029
71.80,0.13637113,160.08454132,-17.06562519,-14.43561556,-102.11266029
71.85,0.09620967,160.11235046,-17.02676010,-14.35317667,-102.06442830
71.90,0.09620967,160.11800385,-17.08209515,-14.35317667,-102.06442830
71.95,0.08902386,160.12365723,-17.13743019,-14.46226469,-102.04185434
72.00,0.08902386,160.09799957,-17.15082836,-14.46226469,-102.04185434
72.05,0.14854926,160.07234192,-17.16422653,-14.49372253,-102.09219577
72.10,0.14854926,160.14141846,-17.17818832,-14.49372253,-102.09219577
72.15,0.18093263,160.21049500,-17.19215012,-14.50774561,-101.93889789
72.20,0.18093263,160.18024445,-17.20009327,-14.50774561,-101.93889789
72.25,0.17303373,160.14999390,-17.20803642,-14.52912304,-101.99775321
72.30,0.17303373,160.13214874,-17.21565056,-14.52912304,-101.99775321
72.35,0.15572214,160.11430359,-17.22326469,-14.54872458,-102.04519839
72.40,0.15572214,160.13312531,-17.23005962,-14.54872458,-102.04519839
72.45,0.15827280,160.15194702,-17.23685455,-14.55761131,-101.99280397
72.50,0.15827280,160.09360504,-17.23222446,-14.55761131,-101.99280397
72.55,0.16229084,160.03526306,-17.22759438,-14.56010290,-102.12210162
72.60,0.16229084,160.11898041,-17.23277283,-14.56010290,-102.12210162
72.65,0.12403492,160.20269775,-17.23795128,-14.55417503,-101.94362852
72.70,0.12403492,160.18220520,-17.23049545,-14.55417503,-101.94362852
72.75,0.13556210,160.16171265,-17.22303963,-14.54305811,-101.98547911
72.80,0.13556210,160.19342041,-17.21113205,-14.54305811,-101.98547911
72.85,0.16507274,160.22512817,-17.19922447,-14.51353504,-101.92445883
72.90,0.16507274,160.18560791,-17.23665619,-14.51353504,-101.92445883
72.95,0.15740914,160.14608765,-17.27408791,-14.59529353,-101.99616112
73.00,0.15740914,160.14365387,-17.28584290,-14.59529353,-101.99616112
73.05,0.18433103,160.14122009,-17.29759789,-14.61918450,-101.99905412
73.10,0.18433103,160.17049408,-17.30081558,-14.61918450,-101.99905412
73.15,0.22066382,160.19976807,-17.30403328,-14.62018782,-101.93979316
73.20,0.22066382,160.14385986,-17.32398129,-14.62018782,-101.93979316
73.25,0.26305901,160.08795166,-17.34392929,-14.67121019,-102.05954368
73.30,0.26305901,160.07283020,-17.31851196,-14.67121019,-102.05954368
73.35,0.11669329,160.05770874,-17.29309464,-14.62336252,-102.09479284
73.40,0.11669329,160.09311676,-17.34258175,-14.62336252,-102.09479284
73.45,0.22542300,160.12852478,-17.39206886,-14.71439462,-102.00274241
73.50,0.22542300,160.12609100,-17.38100624,-14.71439462,-102.00274241
73.55,0.16433345,160.12365723,-17.36994362,-14.69360062,-102.01836516
73.60,0.16433345,160.16805267,-17.37358093,-14.69360062,-102.01836516
73.65,0.17502239,160.21244812,-17.37721825,-14.69196494,-101.92099959
73.70,0.17502239,160.18463898,-17.37952042,-14.69196494,-101.92099959
73.75,0.16095409,160.15682983,-17.38182259,-14.70157834,-101.97539693
73.80,0.16095409,160.16707611,-17.41862869,-14.70157834,-101.97539693
73.85,0.27521058,160.17732239,-17.45543480,-14.77299165,-101.94799274
73.90,0.27521058,160.15585327,-17.44011211,-14.77299165,-101.94799274
73.95,0.23933670,160.13438416,-17.42478943,-14.74648191,-101.99450598
74.00,0.23933670,160.12629700,-17.40337181,-14.74648191,-101.99450598
74.05,0.23774487,160.11820984,-17.38195419,-14.70638172,-102.02645128
74.10,0.23774487,160.11723328,-17.40610600,-14.70638172,-102.02645128
74.15,0.20203316,160.11625671,-17.43025780,-14.75458317,-102.02310244
74.20,0.20203316,160.14093018,-17.42933750,-14.75458317,-102.02310244
74.25,0.20504728,160.16560364,-17.42841721,-14.74721476,-101.96279971
74.30,0.20504728,160.12726593,-17.42130184,-14.74721476,-101.96279971
74.35,0.26413322,160.08892822,-17.41418648,-14.74112197,-102.05246273
74.40,0.26413322,160.18825531,-17.40398121,-14.74112197,-102.05246273
74.45,0.26064050,160.28758240,-17.39377594,-14.70156734,-101.84461224
74.50,0.26064050,160.28368378,-17.38799763,-14.70156734,-101.84461224
74.55,0.20893022,160.27978516,-17.38221931,-14.69074314,-101.85296228
74.60,0.20893022,160.20172119,-17.41693783,-14.69074314,-101.85296228
74.65,0.19782154,160.12365723,-17.45165634,-14.77423098,-102.00279856
74.70,0.19782154,160.16220093,-17.44962692,-14.77423098,-102.00279856
74.75,0.14026193,160.20074463,-17.44759750,-14.76307653,-101.92576220
74.80,0.14026193,160.20172119,-17.45040321,-14.76307653,-101.92576220
74.85,0.17054364,160.20269775,-17.45320892,-14.76854635,-101.92386655
74.90,0.17054364,160.15996552,-17.46028900,-14.76854635,-101.92386655
74.95,0.11826808,160.11723328,-17.46736908,-14.79151023,-102.01950636
75.00,0.11826808,160.13214874,-17.47379780,-14.79151023,-102.01950636
75.05,0.16881337,160.14706421,-17.48022652,-14.80048316,-101.97615209
75.10,0.16881337,160.09945679,-17.47918034,-14.80048316,-101.97615209
75.15,0.11178305,160.05184937,-17.47813416,-14.80807839,-102.08286489
75.20,0.11178305,160.13263702,-17.47373772,-14.80807839,-102.08286489
75.25,0.09594694,160.21342468,-17.46934128,-14.78349508,-101.91046131
75.30,0.09594694,160.19390869,-17.47490597,-14.78349508,-101.91046131
75.35,0.12983291,160.17439270,-17.48047066,-14.79824951,-101.94939143
75.40,0.12983291,160.18756866,-17.47975445,-14.79824951,-101.94939143
75.45,0.11310496,160.20074463,-17.47903824,-14.79436883,-101.92285807
75.50,0.11310496,160.14971924,-17.48587418,-14.79436883,-101.92285807
75.55,0.14146281,160.09869385,-17.49271011,-14.81835156,-102.03497117
75.60,0.14146281,160.11263275,-17.50726509,-14.81835156,-102.03497117
75.65,0.20125226,160.12657166,-17.52182007,-14.84384868,-101.99359151
75.70,0.20125226,160.08091736,-17.54192162,-14.84384868,-101.99359151
75.75,0.30312911,160.03526306,-17.56202316,-14.89318269,-102.09231126
75.80,0.30312911,160.01915741,-17.56431007,-14.89318269,-102.09231126
75.85,0.33089542,160.00305176,-17.56659698,-14.90069546,-102.12422152
75.90,0.33089542,160.00256348,-17.56148911,-14.90069546,-102.12422152
75.95,0.26028587,160.00207520,-17.55638123,-14.89059095,-102.12608326
76.00,0.26028587,160.08432770,-17.55530834,-14.89059095,-102.12608326
76.05,0.11767294,160.16658020,-17.55423546,-14.87242192,-101.95030077
76.10,0.11767294,160.17097473,-17.54888439,-14.87242192,-101.95030077
76.15,0.09352435,160.17536926,-17.54353333,-14.86092745,-101.94238396
76.20,0.09352435,160.14434814,-17.55477524,-14.86092745,-101.94238396
76.25,0.16120893,160.11332703,-17.56601715,-14.89011029,-102.01435304
76.30,0.16120893,160.11039734,-17.57333565,-14.89011029,-102.01435304
76.35,0.15797136,160.10746765,-17.58065414,-14.90513399,-102.01797423
76.40,0.15797136,160.06990051,-17.59660244,-14.90513399,-102.01797423
76.45,0.22586417,160.03233337,-17.61255074,-14.94383015,-102.09122366
76.50,0.22586417,160.02793884,-17.61718559,-14.94383015,-102.09122366
76.55,0.20124975,160.02354431,-17.62182045,-14.95378502,-102.09833162
76.60,0.20124975,160.03769684,-17.63805866,-14.95378502,-102.09833162
76.65,0.26229312,160.05184937,-17.65429688,-14.98352185,-102.06684364
76.70,0.26229312,160.01769257,-17.66989517,-14.98352185,-102.06684364
76.75,0.24313048,159.98353577,-17.68549347,-15.02083503,-102.13257645
76.80,0.24313048,159.99232483,-17.69214058,-15.02083503,-102.13257645
76.85,0.24124246,160.00111389,-17.69878769,-15.03253349,-102.11452108
76.90,0.24124246,160.01818848,-17.71125984,-15.03253349,-102.11452108
76.95,0.25630141,160.03526306,-17.72373199,-15.05422479,-102.07758658
77.00,0.25630141,160.05136108,-17.71687126,-15.05422479,-102.07758658
77.05,0.21404977,160.06745911,-17.71001053,-15.03764212,-102.04695507
77.10,0.21404977,160.04355621,-17.71839619,-15.03764212,-102.04695507
77.15,0.19863061,160.01965332,-17.72678185,-15.05867308,-102.09288950
77.20,0.19863061,159.94402313,-17.73365784,-15.05867308,-102.09288950
77.25,0.19042181,159.86839294,-17.74053383,-15.08612562,-102.24265786
77.30,0.19042181,159.89376831,-17.74629784,-15.08612562,-102.24265786
77.35,0.17994989,159.91914368,-17.75206184,-15.09301938,-102.19113434
77.40,0.17994989,159.91377258,-17.75896835,-15.09301938,-102.19113434
77.45,0.16315995,159.90840149,-17.76587486,-15.10778022,-102.20083864
77.50,0.16315995,159.91474915,-17.80748463,-15.10778022,-102.20083864
77.55,0.12896055,159.92109680,-17.84909439,-15.18939149,-102.17962826
77.60,0.12896055,159.90987396,-17.81375122,-15.18939149,-102.17962826
77.65,0.17577920,159.89865112,-17.77840805,-15.12106723,-102.20873572
77.70,0.17577920,159.96646881,-17.74968243,-15.12106723,-102.20873572
77.75,0.15716024,160.03428650,-17.72095680,-15.05152820,-102.07869954
77.80,0.15716024,159.97036743,-17.71804523,-15.05152820,-102.07869954
77.85,0.18092822,159.90644836,-17.71513367,-15.05731668,-102.20619043
77.90,0.18092822,159.89913177,-17.75026226,-15.05731668,-102.20619043
77.95,0.13416316,159.89181519,-17.78539085,-15.12863217,-102.21481088
78.00,0.13416316,159.89279175,-17.79434109,-15.12863217,-102.21481088
78.05,0.15589990,159.89376831,-17.80329132,-15.14629106,-102.21129654
78.10,0.15589990,159.86936951,-17.80066872,-15.14629106,-102.21129654
78.15,0.21968686,159.84497070,-17.79804611,-15.14545803,-102.26001578
78.20,0.21968686,159.90547180,-17.79611015,-15.14545803,-102.26001578
78.25,0.24166852,159.96597290,-17.79417419,-15.13060526,-102.13974050
78.30,0.24166852,159.96646118,-17.80246830,-15.13060526,-102.13974050
78.35,0.22642613,159.96694946,-17.81076241,-15.14714875,-102.13827861
78.40,0.22642613,159.95572662,-17.80016613,-15.14714875,-102.13827861
78.45,0.29221151,159.94450378,-17.78956985,-15.12806013,-102.16240573
78.50,0.29221151,159.92742920,-17.79386902,-15.12806013,-102.16240573
78.55,0.20771967,159.91035461,-17.79816818,-15.13968642,-102.19515673
78.60,0.20771967,159.94694519,-17.78796768,-15.13968642,-102.19515673
78.65,0.26780089,159.98353577,-17.77776718,-15.11275553,-102.12449154
78.70,0.26780089,159.94841003,-17.78407955,-15.11275553,-102.12449154
78.75,0.22712650,159.91328430,-17.79039192,-15.13164816,-102.19269028
78.80,0.22712650,159.95133972,-17.77628899,-15.13164816,-102.19269028
78.85,0.23526813,159.98939514,-17.76218605,-15.09671657,-102.12005154
78.90,0.23526813,159.94841003,-17.75620937,-15.09671657,-102.12005154
78.95,0.26304195,159.90742493,-17.75023270,-15.09220707,-102.20232188
79.00,0.26304195,159.89620209,-17.75229073,-15.09220707,-102.20232188
79.05,0.23929226,159.88497925,-17.75434875,-15.09833119,-102.22421663
79.10,0.23929226,159.85570526,-17.82472897,-15.09833119,-102.22421663
79.15,0.14362550,159.82643127,-17.89510918,-15.24382185,-102.26963638
79.20,0.14362550,159.91230774,-17.84750843,-15.24382185,-102.26963638
79.25,0.06143066,159.99818420,-17.79990768,-15.13344952,-102.10770414
79.30,0.06143066,160.02794647,-17.79414368,-15.13344952,-102.10770414
79.35,0.12115601,160.05770874,-17.78837967,-15.11659875,-102.04985890
79.40,0.12115601,160.06014252,-17.79190159,-15.11659875,-102.04985890
79.45,0.22215389,160.06257629,-17.79542351,-15.12310572,-102.04337631
79.50,0.22215389,159.97524261,-17.79984570,-15.12310572,-102.04337631
79.55,0.12526635,159.88790894,-17.80426788,-15.14779939,-102.21710624
79.60,0.12526635,159.92840576,-17.82264042,-15.14779939,-102.21710624
79.65,0.16895770,159.96890259,-17.84101295,-15.17698073,-102.13251322
79.70,0.16895770,159.99671173,-17.84881973,-15.17698073,-102.13251322
79.75,0.15367498,160.02452087,-17.85662651,-15.18751523,-102.07591103
79.80,0.15367498,160.03916168,-17.86010265,-15.18751523,-102.07591103
79.85,0.08787282,160.05380249,-17.86357880,-15.19183002,-102.04650786
79.90,0.08787282,159.99574280,-17.88042641,-15.19183002,-102.04650786
79.95,0.01500956,159.93768311,-17.89727402,-15.23589351,-102.15899773
80.00,0.01500956,159.90206146,-17.90848064,-15.23589351,-102.15899773
80.05,0.08748140,159.86643982,-17.91968727,-15.26468328,-102.22777528
80.10,0.08748140,159.94450378,-17.91988564,-15.26468328,-102.22777528
80.15,0.07417294,160.02256775,-17.92008400,-15.25093374,-102.07241706
80.20,0.07417294,160.02452087,-17.94303036,-15.25093374,-102.07241706
80.25,0.06488225,160.02647400,-17.96597672,-15.29625190,-102.06411739
80.30,0.06488225,160.02500916,-17.96959019,-15.29625190,-102.06411739
80.35,0.13879918,160.02354431,-17.97320366,-15.30370770,-102.06624919
80.40,0.13879918,159.97768402,-17.99583054,-15.30370770,-102.06624919
80.45,0.22195592,159.93182373,-18.01845741,-15.35711985,-102.15389970
80.50,0.22195592,159.96060944,-18.02069855,-15.35711985,-102.15389970
80.55,0.14141811,159.98939514,-18.02293968,-15.35636593,-102.09609344
80.60,0.14141811,159.95573425,-18.01909733,-15.35636593,-102.09609344
80.65,0.09923781,159.92207336,-18.01525497,-15.35486633,-102.16450627
80.70,0.09923781,159.84693146,-18.02377892,-15.35486633,-102.16450627
80.75,0.18525099,159.77178955,-18.03230286,-15.38540841,-102.31192021
80.80,0.18525099,159.93718719,-18.00938606,-15.38540841,-102.31192021
80.85,0.11406394,160.10258484,-17.98646927,-15.30974777,-101.98640420
80.90,0.11406394,160.06794739,-18.02447987,-15.30974777,-101.98640420
80.95,0.10853350,160.03330994,-18.06249046,-15.39173501,-102.04854094
81.00,0.10853350,160.02355194,-18.06549454,-15.39173501,-102.04854094
81.05,0.09693822,160.01379395,-18.06849861,-15.39944612,-102.06678368
81.10,0.09693822,160.02501678,-18.05895424,-15.39944612,-102.06678368
81.15,0.23511045,160.03623962,-18.04940987,-15.37839584,-102.04627996
81.20,0.23511045,160.00891113,-18.06085968,-15.37839584,-102.04627996
81.25,0.27260193,159.98158264,-18.07230949,-15.40628744,-102.09983277
81.30,0.27260193,160.01378632,-18.08638287,-15.40628744,-102.09983277
81.35,0.29697823,160.04598999,-18.10045624,-15.42846643,-102.03315856
81.40,0.29697823,159.99817657,-18.11442280,-15.42846643,-102.03315856
81.45,0.29861682,159.95036316,-18.12838936,-15.46487281,-102.12504629
81.50,0.29861682,159.95573425,-18.13076782,-15.46487281,-102.12504629
81.55,0.35035765,159.96110535,-18.13314629,-15.46869148,-102.11459903
81.60,0.35035765,160.04160309,-18.15022278,-15.46869148,-102.11459903
81.65,0.35202806,160.12210083,-18.16729927,-15.48805134,-101.95051582
81.70,0.35202806,160.10551453,-18.17300129,-15.48805134,-101.95051582
81.75,0.32777198,160.08892822,-18.17870331,-15.50247589,-101.98304997
81.80,0.32777198,160.10629272,-18.18761635,-15.50247589,-101.98304997
81.85,0.20055794,160.12365723,-18.19652939,-15.51676436,-101.94322437
81.90,0.20055794,160.12287903,-18.19778633,-15.51676436,-101.94322437
81.95,0.11863927,160.12210083,-18.19904327,-15.51964419,-101.94725055
82.00,0.11863927,160.10112762,-18.19122124,-15.51964419,-101.94725055
82.05,0.23964263,160.08015442,-18.18339920,-15.50786080,-101.99053405
82.10,0.23964263,160.10922241,-18.19354916,-15.50786080,-101.99053405
82.15,0.19098228,160.13829041,-18.20369911,-15.52171070,-101.91868503
82.20,0.19098228,160.12776184,-18.19888592,-15.52171070,-101.91868503
82.25,0.09321201,160.11723328,-18.19407272,-15.51516797,-101.95320193
82.30,0.09321201,160.10747528,-18.19122124,-15.51516797,-101.95320193
82.35,0.08061236,160.09771729,-18.18836975,-15.51127349,-101.97319986
82.40,0.08061236,160.08356476,-18.20727634,-15.51127349,-101.97319986
82.45,0.21954378,160.06941223,-18.22618294,-15.55146792,-101.99749094
82.50,0.21954378,160.03672028,-18.24341202,-15.55146792,-101.99749094
82.55,0.27808833,160.00402832,-18.26064110,-15.59183555,-102.06084766
82.60,0.27808833,159.92206573,-18.27113152,-15.59183555,-102.06084766
82.65,0.26299871,159.84010315,-18.28162193,-15.62748479,-102.22080767
82.70,0.26299871,159.86937714,-18.27857208,-15.62748479,-102.22080767
82.75,0.30646995,159.89865112,-18.27552223,-15.61610358,-102.16306257
82.80,0.30646995,159.89083862,-18.28014278,-15.61610358,-102.16306257
82.85,0.31981816,159.88302612,-18.28476334,-15.62668655,-102.17764150
82.90,0.31981816,159.85034180,-18.29093838,-15.62668655,-102.17764150
82.95,0.27185291,159.81765747,-18.29711342,-15.64498543,-102.24239861
83.00,0.27185291,159.88694000,-18.31493664,-15.64498543,-102.24239861
83.05,0.33837988,159.95622253,-18.33275986,-15.66786329,-102.10057480
83.10,0.33837988,159.98012543,-18.32102013,-15.66786329,-102.10057480
83.15,0.45484341,160.00402832,-18.30928040,-15.64014628,-102.05521290
83.20,0.45484341,159.99573517,-18.29631996,-15.64014628,-102.05521290
83.25,0.44100530,159.98744202,-18.28335953,-15.61581924,-102.07377069
83.30,0.44100530,159.94353485,-18.29987240,-15.61581924,-102.07377069
83.35,0.56773896,159.89962769,-18.31638527,-15.65675639,-102.15896747
83.40,0.56773896,159.88791656,-18.32416058,-15.65675639,-102.15896747
83.45,0.56388220,159.87620544,-18.33193588,-15.67432071,-102.18045770
83.50,0.56388220,159.83717346,-18.33850765,-15.67432071,-102.18045770
83.55,0.54386403,159.79814148,-18.34507942,-15.69451986,-102.25746088
83.60,0.54386403,159.80009460,-18.33359814,-15.69451986,-102.25746088
83.65,0.52624211,159.80204773,-18.32211685,-15.67129858,-102.25535961
83.70,0.52624211,159.78204346,-18.31604862,-15.67129858,-102.25535961
83.75,0.60018492,159.76203918,-18.30998039,-15.66285327,-102.29662535
83.80,0.60018492,159.79814148,-18.32057762,-15.66285327,-102.29662535
83.85,0.39301918,159.83424377,-18.33117485,-15.67740030,-102.22263852
83.90,0.39301918,159.77325439,-18.33221149,-15.67740030,-102.22263852
83.95,0.50834722,159.71226501,-18.33324814,-15.69047708,-102.34337839
84.00,0.50834722,159.71226501,-18.34950161,-15.69047708,-102.34337839
84.05,0.42681977,159.71226501,-18.36575508,-15.72286116,-102.34043709
84.10,0.42681977,159.69665527,-18.36079979,-15.72286116,-102.34043709
84.15,0.46525996,159.68104553,-18.35584450,-15.71589313,-102.37329936
84.20,0.46525996,159.75422668,-18.38822937,-15.71589313,-102.37329936
84.25,0.56492380,159.82740784,-18.42061424,-15.76709238,-102.22131355
84.30,0.56492380,159.80399323,-18.42009544,-15.76709238,-102.22131355
84.35,0.54528767,159.78057861,-18.41957664,-15.77034673,-102.26852716
84.40,0.54528767,159.74398041,-18.42928886,-15.77034673,-102.26852716
84.45,0.58722771,159.70738220,-18.43900108,-15.79632705,-102.33963457
84.50,0.58722771,159.67810822,-18.45333385,-15.79632705,-102.33963457
84.55,0.59922239,159.64883423,-18.46766663,-15.83008779,-102.39414649
84.60,0.59922239,159.65859222,-18.47265244,-15.83008779,-102.39414649
84.65,0.56856373,159.66835022,-18.47763824,-15.83833152,-102.37490036
84.70,0.56856373,159.66542816,-18.45914364,-15.83833152,-102.37490036
84.75,0.39712172,159.66250610,-18.44064903,-15.80202998,-102.38394206
84.80,0.39712172,159.62541962,-18.45691681,-15.80202998,-102.38394206
84.85,0.39648111,159.58833313,-18.47318459,-15.84107658,-102.45410282
84.90,0.39648111,159.60980225,-18.47341347,-15.84107658,-102.45410282
84.95,0.30690119,159.63127136,-18.47364235,-15.83774798,-102.41251513
85.00,0.30690119,159.62980652,-18.48925591,-15.83774798,-102.41251513
85.05,0.30167284,159.62834167,-18.50486946,-15.86910002,-102.41231442
85.10,0.30167284,159.62834167,-18.50486946,-15.86910002,-102.41231442
