0.00,0.01897938,20.90148544,7.16729212,-2.76281452,-242.91115981
0.05,0.01111636,20.90148544,7.16485262,-2.76783754,-242.91183289
0.10,0.01111636,20.90148544,7.16241312,-2.76783754,-242.91183289
0.15,0.01502339,20.91514683,7.16033936,-2.76957734,-242.88451706
0.20,0.01502339,20.92880821,7.15826559,-2.76957734,-242.88451706
0.25,0.01347745,20.92295361,7.15826559,-2.77064170,-242.89756116
0.30,0.01347745,20.91709900,7.15826559,-2.77064170,-242.89756116
0.36,0.02343367,20.92295361,7.16290069,-2.76033362,-242.88475504
0.40,0.02343367,20.92880821,7.16753578,-2.76033362,-242.88475504
0.45,0.00756787,20.92880821,7.17021918,-2.75489355,-242.88452577
0.50,0.00756787,20.92880821,7.17290258,-2.75489355,-242.88452577
0.55,0.00467957,20.92490482,7.17339063,-2.75454049,-242.89248948
0.60,0.00467957,20.92100143,7.17387867,-2.75454049,-242.89248948
0.65,0.02952808,20.92880821,7.16973138,-2.76128546,-242.87501533
0.70,0.02952808,20.93661499,7.16558409,-2.76128546,-242.87501533
0.75,0.01645570,20.93856621,7.17229295,-2.74753903,-242.87070518
0.80,0.01645570,20.94051743,7.17900181,-2.74753903,-242.87070518
0.85,0.00917264,20.94051743,7.17705011,-2.75147157,-242.87247466
0.90,0.00917264,20.94051743,7.17509842,-2.75147157,-242.87247466
0.95,0.02127882,20.93856621,7.16790175,-2.76613171,-242.87491930
1.00,0.02127882,20.93661499,7.16070509,-2.76613171,-242.87491930
1.05,0.02490166,20.93466282,7.16204691,-2.76421856,-242.88179974
1.10,0.02490166,20.93271065,7.16338873,-2.76421856,-242.88179974
1.15,0.02327178,20.92880821,7.17168307,-2.74802170,-242.88774673
1.20,0.02327178,20.92490578,7.17997742,-2.74802170,-242.88774673
1.25,0.00400961,20.92490578,7.17095113,-2.76643913,-242.89004716
1.30,0.00400961,20.92490578,7.16192484,-2.76643913,-242.89004716
1.35,0.00773994,20.92490578,7.16643810,-2.75696902,-242.88765416
1.40,0.00773994,20.92490578,7.17095137,-2.75696902,-242.88765416
1.45,0.00685473,20.92490578,7.16168118,-2.77570658,-242.88819802
1.50,0.00685473,20.92490578,7.15241098,-2.77570658,-242.88819802
1.55,0.01467799,20.92490578,7.15350866,-2.77365985,-242.89003132
1.60,0.01467799,20.92490578,7.15460634,-2.77365985,-242.89003132
1.65,0.02942582,20.92490578,7.15265489,-2.77733228,-242.88794492
1.70,0.02942582,20.92490578,7.15070343,-2.77733228,-242.88794492
1.75,0.02096991,20.93076038,7.16107130,-2.75575632,-242.87794035
1.80,0.02096991,20.93661499,7.17143917,-2.75575632,-242.87794035
1.85,0.00984220,20.93856621,7.16497445,-2.76813225,-242.87234393
1.90,0.00984220,20.94051743,7.15850973,-2.76813225,-242.87234393
1.95,0.01757318,20.93856621,7.16765785,-2.75015335,-242.87627653
2.00,0.01757318,20.93661499,7.17680597,-2.75015335,-242.87627653
2.05,0.00796564,20.93856621,7.17619610,-2.75080971,-242.87081542
2.10,0.00796564,20.94051743,7.17558622,-2.75080971,-242.87081542
2.15,0.00865615,20.93856621,7.17265892,-2.75709590,-242.87505909
2.20,0.00865615,20.93661499,7.16973162,-2.75709590,-242.87505909
2.25,0.01048695,20.93661499,7.16399860,-2.76885371,-242.87661471
2.30,0.01048695,20.93661499,7.15826559,-2.76885371,-242.87661471
2.35,0.02016115,20.93856621,7.16509628,-2.75453875,-242.87161708
2.40,0.02016115,20.94051743,7.17192698,-2.75453875,-242.87161708
2.45,0.02603692,20.94246960,7.16387653,-2.77054361,-242.86932393
2.50,0.02603692,20.94442177,7.15582609,-2.77054361,-242.86932393
2.55,0.01754738,20.94442177,7.15948534,-2.76330068,-242.87017917
2.60,0.01754738,20.94442177,7.16314459,-2.76330068,-242.87017917
2.65,0.00599564,20.94442177,7.16826773,-2.75302896,-242.86942194
2.70,0.00599564,20.94442177,7.17339087,-2.75302896,-242.86942194
2.75,0.01548938,20.93271160,7.17448854,-2.75275847,-242.89038128
2.80,0.01548938,20.92100143,7.17558622,-2.75275847,-242.89038128
2.85,0.01739624,20.92880821,7.16948748,-2.76370423,-242.87704608
2.90,0.01739624,20.93661499,7.16338873,-2.76370423,-242.87704608
2.95,0.00707556,20.94051838,7.16399860,-2.76171676,-242.86873061
3.00,0.00707556,20.94442177,7.16460848,-2.76171676,-242.86873061
3.05,0.00564503,20.94051838,7.16082716,-2.76984242,-242.87594462
3.10,0.00564503,20.93661499,7.15704584,-2.76984242,-242.87594462
3.15,0.01003570,20.93856621,7.15985131,-2.76413570,-242.87431891
3.20,0.01003570,20.94051743,7.16265678,-2.76413570,-242.87431891
3.25,0.02873013,20.94442081,7.16753578,-2.75348291,-242.86478949
3.30,0.02873013,20.94832420,7.17241478,-2.75348291,-242.86478949
3.36,0.02149583,20.95613098,7.19278479,-2.71158669,-242.85386690
3.40,0.02149583,20.96393776,7.21315479,-2.71158669,-242.85386690
3.45,0.01029727,20.95027637,7.18607616,-2.76807065,-242.87783691
3.50,0.01029727,20.93661499,7.15899754,-2.76807065,-242.87783691
3.56,0.03252628,20.94051838,7.16924357,-2.74676826,-242.86962194
3.60,0.03252628,20.94442177,7.17948961,-2.74676826,-242.86962194
3.65,0.01020091,20.94442177,7.17961144,-2.74629675,-242.86699301
3.70,0.01020091,20.94442177,7.17973328,-2.74629675,-242.86699301
3.75,0.01062899,20.93661499,7.17497635,-2.75751438,-242.88324886
3.80,0.01062899,20.92880821,7.17021942,-2.75751438,-242.88324886
3.85,0.01301900,20.94051743,7.17570829,-2.74439107,-242.86253309
3.90,0.01301900,20.95222664,7.18119717,-2.74439107,-242.86253309
3.95,0.01444781,20.94832420,7.18497849,-2.73768895,-242.87204461
4.00,0.01444781,20.94442177,7.18875980,-2.73768895,-242.87204461
4.05,0.02510514,20.93856621,7.18705201,-2.74239103,-242.88482451
4.10,0.02510514,20.93271065,7.18534422,-2.74239103,-242.88482451
4.15,0.01216192,20.93075943,7.18095326,-2.75111544,-242.88437941
4.20,0.01216192,20.92880821,7.17656231,-2.75111544,-242.88437941
4.25,0.01387252,20.92685699,7.17143917,-2.76179499,-242.88977510
4.30,0.01387252,20.92490578,7.16631603,-2.76179499,-242.88977510
4.35,0.01335724,20.94051838,7.17851377,-2.73468409,-242.86142604
4.40,0.01335724,20.95613098,7.19071150,-2.73468409,-242.86142604
4.45,0.01295824,20.94442081,7.18217301,-2.75376104,-242.88115282
4.50,0.01295824,20.93271065,7.17363453,-2.75376104,-242.88115282
4.55,0.00704567,20.93856621,7.17046332,-2.75908644,-242.87020870
4.60,0.00704567,20.94442177,7.16729212,-2.75908644,-242.87020870
4.65,0.00898805,20.94246960,7.16838980,-2.75698003,-242.87083700
4.70,0.00898805,20.94051743,7.16948748,-2.75698003,-242.87083700
4.75,0.01311235,20.93856621,7.17143917,-2.75380617,-242.87795432
4.80,0.01311235,20.93661499,7.17339087,-2.75380617,-242.87795432
4.85,0.01524982,20.93271160,7.17644024,-2.74836260,-242.88525622
4.90,0.01524982,20.92880821,7.17948961,-2.74836260,-242.88525622
4.95,0.01028780,20.92685699,7.17522049,-2.75705197,-242.88639152
5.00,0.01028780,20.92490578,7.17095137,-2.75705197,-242.88639152
5.05,0.01101242,20.93076038,7.18205118,-2.73384995,-242.87873881
5.10,0.01101242,20.93661499,7.19315100,-2.73384995,-242.87873881
5.15,0.01929476,20.93466282,7.18693018,-2.74658643,-242.87919905
5.20,0.01929476,20.93271065,7.18070936,-2.74658643,-242.87919905
5.25,0.00636263,20.93661404,7.18436861,-2.73860573,-242.87473057
5.30,0.00636263,20.94051743,7.18802786,-2.73860573,-242.87473057
5.35,0.00682190,20.94051743,7.19388270,-2.72707781,-242.87725039
5.40,0.00682190,20.94051743,7.19973755,-2.72707781,-242.87725039
5.45,0.01122926,20.93856621,7.19924951,-2.72863133,-242.88186237
5.50,0.01122926,20.93661499,7.19876146,-2.72863133,-242.88186237
5.55,0.01217575,20.93466282,7.19485831,-2.73641203,-242.88281836
5.60,0.01217575,20.93271065,7.19095516,-2.73641203,-242.88281836
5.65,0.00134045,20.93271065,7.19351673,-2.73161556,-242.88516256
5.70,0.00134045,20.93271065,7.19607830,-2.73161556,-242.88516256
5.75,0.00124282,20.93075943,7.18997955,-2.74393447,-242.88576432
5.80,0.00124282,20.92880821,7.18388081,-2.74393447,-242.88576432
5.85,0.00915781,20.93075943,7.19339490,-2.72442736,-242.88253119
5.91,0.00915781,20.93271065,7.20290899,-2.72442736,-242.88253119
5.95,0.01540020,20.93075943,7.19559026,-2.73951166,-242.88715500
6.00,0.01540020,20.92880821,7.18827152,-2.73951166,-242.88715500
6.05,0.02650835,20.93075943,7.19132113,-2.73331443,-242.88393969
6.10,0.02650835,20.93271065,7.19437075,-2.73331443,-242.88393969
6.15,0.00444246,20.93466282,7.20205522,-2.71734472,-242.87889082
6.20,0.00444246,20.93661499,7.20973969,-2.71734472,-242.87889082
6.25,0.00556416,20.93661499,7.20071340,-2.73575268,-242.88146459
6.30,0.00556416,20.93661499,7.19168711,-2.73575268,-242.88146459
6.35,0.01258369,20.93271160,7.19217491,-2.73555060,-242.88988577
6.40,0.01258369,20.92880821,7.19266272,-2.73555060,-242.88988577
6.45,0.00857821,20.93856621,7.19681001,-2.72525862,-242.86990002
6.50,0.00857821,20.94832420,7.20095730,-2.72525862,-242.86990002
6.55,0.02251272,20.94832420,7.19278479,-2.74140826,-242.86698369
6.60,0.02251272,20.94832420,7.18461227,-2.74140826,-242.86698369
6.65,0.00966308,20.95027542,7.19022322,-2.72993482,-242.86349920
6.70,0.00966308,20.95222664,7.19583416,-2.72993482,-242.86349920
6.75,0.00966308,20.94637203,7.20095730,-2.72993482,-242.86349920
6.80,0.00382023,20.94051743,7.20608044,-2.72062927,-242.87553180
6.85,0.00365238,20.93661404,7.20547032,-2.72245452,-242.88277929
6.90,0.00365238,20.93271065,7.20486021,-2.72245452,-242.88277929
6.95,0.00333585,20.93661404,7.19949341,-2.73274575,-242.87642409
7.00,0.00333585,20.94051743,7.19412661,-2.73274575,-242.87642409
7.05,0.00456848,20.94246960,7.20059133,-2.71927500,-242.87214317
7.10,0.00456848,20.94442177,7.20705605,-2.71927500,-242.87214317
7.15,0.01483226,20.94051838,7.20156717,-2.73119650,-242.88039541
7.20,0.01483226,20.93661499,7.19607830,-2.73119650,-242.88039541
7.25,0.00510806,20.93271160,7.19449258,-2.73523973,-242.88996851
7.30,0.00510806,20.92880821,7.19290686,-2.73523973,-242.88996851
7.35,0.01337487,20.93466282,7.19851780,-2.72248684,-242.87466029
7.40,0.01337487,20.94051743,7.20412874,-2.72248684,-242.87466029
7.45,0.00157775,20.94442081,7.20449448,-2.72108904,-242.86765115
7.50,0.00157775,20.94832420,7.20486021,-2.72108904,-242.86765115
7.55,0.01125333,20.93856621,7.20351863,-2.72584166,-242.88834629
7.60,0.01125333,20.92880821,7.20217705,-2.72584166,-242.88834629
7.65,0.02040731,20.93466282,7.20729995,-2.71443268,-242.87650831
7.70,0.02040731,20.94051743,7.21242285,-2.71443268,-242.87650831
7.75,0.02861652,20.94637203,7.21266675,-2.71282199,-242.86467196
7.80,0.02861652,20.95222664,7.21291065,-2.71282199,-242.86467196
7.85,0.01498234,20.94637203,7.21242285,-2.71505801,-242.87810631
7.90,0.01498234,20.94051743,7.21193504,-2.71505801,-242.87810631
7.95,0.01527764,20.94246960,7.21266699,-2.71287630,-242.87121568
8.00,0.01527764,20.94442177,7.21339893,-2.71287630,-242.87121568
8.05,0.00251656,20.95417976,7.22462058,-2.68906899,-242.85681594
8.10,0.00251656,20.96393776,7.23584223,-2.68906899,-242.85681594
8.15,0.00437466,20.95027637,7.22376657,-2.71557834,-242.88095825
8.20,0.00437466,20.93661499,7.21169090,-2.71557834,-242.88095825
8.26,0.01095504,20.93856621,7.21388650,-2.71078894,-242.87667377
8.30,0.01095504,20.94051743,7.21608210,-2.71078894,-242.87667377
8.35,0.01006733,20.94637203,7.20290875,-2.73620405,-242.86608243
8.40,0.01006733,20.95222664,7.18973541,-2.73620405,-242.86608243
8.45,0.01647470,20.94442081,7.19912767,-2.71867310,-242.88007200
8.50,0.01647470,20.93661499,7.20851994,-2.71867310,-242.88007200
8.55,0.01156703,20.93661499,7.20303082,-2.72974327,-242.88089170
8.60,0.01156703,20.93661499,7.19754171,-2.72974327,-242.88089170
8.65,0.01292071,20.93271160,7.18314862,-2.75905326,-242.88595833
8.70,0.01292071,20.92880821,7.16875553,-2.75905326,-242.88595833
8.75,0.00611918,20.93075943,7.17839170,-2.73942451,-242.88315379
8.80,0.00611918,20.93271065,7.18802786,-2.73942451,-242.88315379
8.85,0.01472051,20.93466282,7.18778396,-2.73967840,-242.88080276
8.90,0.01472051,20.93661499,7.18754005,-2.73967840,-242.88080276
8.95,0.00770797,20.94051838,7.19888377,-2.71638479,-242.87303680
9.00,0.00770797,20.94442177,7.21022749,-2.71638479,-242.87303680
9.05,0.00229063,20.95222759,7.21913171,-2.69731333,-242.86204922
9.10,0.00229063,20.96003342,7.22803593,-2.69731333,-242.86204922
9.15,0.01887530,20.95808220,7.21181321,-2.73007194,-242.86205924
9.20,0.01887530,20.95613098,7.19559050,-2.73007194,-242.86205924
9.25,0.01764616,20.96588898,7.20046949,-2.71838226,-242.84217705
9.30,0.01764616,20.97564697,7.20534849,-2.71838226,-242.84217705
9.35,0.01236449,20.96393681,7.20266485,-2.72577214,-242.86391407
9.40,0.01236449,20.95222664,7.19998121,-2.72577214,-242.86391407
9.45,0.00531667,20.94637203,7.20705581,-2.71281610,-242.87758370
9.50,0.00531667,20.94051743,7.21413040,-2.71281610,-242.87758370
9.55,0.01987145,20.93856621,7.20937347,-2.72246292,-242.88037770
9.60,0.01987145,20.93661499,7.20461655,-2.72246292,-242.88037770
9.65,0.00910215,20.93856621,7.20705605,-2.71745230,-242.87702618
9.70,0.00910215,20.94051743,7.20949554,-2.71745230,-242.87702618
9.76,0.01051542,20.94637203,7.20473838,-2.72585281,-242.86517959
9.80,0.01051542,20.95222664,7.19998121,-2.72585281,-242.86517959
9.85,0.00606425,20.95027542,7.19802976,-2.73014794,-242.86813556
9.90,0.00606425,20.94832420,7.19607830,-2.73014794,-242.86813556
9.95,0.00467981,20.94637299,7.20461655,-2.71315457,-242.87151293
10.00,0.00467981,20.94442177,7.21315479,-2.71315457,-242.87151293
10.06,0.00943056,20.94442177,7.20425057,-2.73131124,-242.87406782
10.10,0.00943056,20.94442177,7.19534636,-2.73131124,-242.87406782
10.15,0.01317142,20.94246960,7.19485855,-2.73236232,-242.87451558
10.20,0.01317142,20.94051743,7.19437075,-2.73236232,-242.87451558
10.25,0.00394910,20.94442081,7.19266295,-2.73521063,-242.86886980
10.30,0.00394910,20.94832420,7.19095516,-2.73521063,-242.86886980
10.35,0.00893920,20.94832420,7.18924761,-2.73879400,-242.86906498
10.40,0.00893920,20.94832420,7.18754005,-2.73879400,-242.86906498
10.45,0.01532524,20.95027542,7.20278692,-2.70761696,-242.86482822
10.50,0.01532524,20.95222664,7.21803379,-2.70761696,-242.86482822
10.55,0.00544589,20.94832420,7.20705605,-2.73050446,-242.87299896
10.60,0.00544589,20.94442177,7.19607830,-2.73050446,-242.87299896
10.65,0.00565822,20.95027637,7.20669007,-2.70779486,-242.85923306
10.70,0.00565822,20.95613098,7.21730185,-2.70779486,-242.85923306
10.75,0.01272561,20.95613098,7.20912957,-2.72456053,-242.86174178
10.80,0.01272561,20.95613098,7.20095730,-2.72456053,-242.86174178
10.85,0.00743751,20.95417881,7.21010542,-2.70643696,-242.86352816
10.90,0.00743751,20.95222664,7.21925354,-2.70643696,-242.86352816
10.95,0.01077810,20.95417881,7.21388674,-2.71688262,-242.86210417
11.00,0.01077810,20.95613098,7.20851994,-2.71688262,-242.86210417
11.05,0.01814213,20.95417881,7.20986152,-2.71435824,-242.86272019
11.10,0.01814213,20.95222664,7.21120310,-2.71435824,-242.86272019
11.15,0.01393701,20.94442081,7.20510435,-2.72829798,-242.88167804
11.20,0.01393701,20.93661499,7.19900560,-2.72829798,-242.88167804
11.25,0.01132766,20.94832420,7.20290875,-2.71830588,-242.85807464
11.30,0.01132766,20.96003342,7.20681190,-2.71830588,-242.85807464
11.35,0.01535328,20.95027542,7.20583606,-2.72196242,-242.87532254
11.40,0.01535328,20.94051743,7.20486021,-2.72196242,-242.87532254
11.45,0.00696429,20.94442081,7.20034719,-2.73053578,-242.87034388
11.50,0.00696429,20.94832420,7.19583416,-2.73053578,-242.87034388
11.55,0.01220659,20.95027542,7.19668794,-2.72817545,-242.86396132
11.60,0.01220659,20.95222664,7.19754171,-2.72817545,-242.86396132
11.65,0.01504932,20.95222664,7.19766378,-2.72793551,-242.86360346
11.70,0.01504932,20.95222664,7.19778585,-2.72793551,-242.86360346
11.75,0.01899056,20.94832420,7.20010328,-2.72390366,-242.87144499
11.80,0.01899056,20.94442177,7.20242071,-2.72390366,-242.87144499
11.85,0.00727869,20.94832420,7.20583606,-2.71636032,-242.86286345
11.90,0.00727869,20.95222664,7.20925140,-2.71636032,-242.86286345
11.95,0.01466770,20.94832420,7.21010542,-2.71554036,-242.87322137
12.00,0.01466770,20.94442177,7.21095943,-2.71554036,-242.87322137
12.05,0.01057124,20.94442177,7.20705605,-2.72306803,-242.87068096
12.10,0.01057124,20.94442177,7.20315266,-2.72306803,-242.87068096
12.15,0.00760327,20.95027637,7.20815372,-2.71239144,-242.86194390
12.20,0.00760327,20.95613098,7.21315479,-2.71239144,-242.86194390
12.25,0.01318328,20.95222759,7.20729995,-2.72493549,-242.87004843
12.30,0.01318328,20.94832420,7.20144510,-2.72493549,-242.87004843
12.35,0.00528908,20.94832420,7.20839763,-2.71072887,-242.86878521
12.40,0.00528908,20.94832420,7.21535015,-2.71072887,-242.86878521
12.45,0.01571019,20.94246960,7.20851970,-2.72549371,-242.87876578
12.50,0.01571019,20.93661499,7.20168924,-2.72549371,-242.87876578
12.55,0.01058528,20.94442081,7.20327473,-2.72094973,-242.86425517
12.60,0.01058528,20.95222664,7.20486021,-2.72094973,-242.86425517
12.65,0.04180740,20.94832420,7.19888353,-2.73361088,-242.87297600
12.70,0.04180740,20.94442177,7.19290686,-2.73361088,-242.87297600
12.75,0.00772287,20.94442177,7.19815183,-2.72318131,-242.87357647
12.80,0.00772287,20.94442177,7.20339680,-2.72318131,-242.87357647
12.85,0.02216463,20.94442177,7.20083523,-2.72818483,-242.87105992
12.90,0.02216463,20.94442177,7.19827366,-2.72818483,-242.87105992
12.95,0.01196750,20.94246960,7.20242095,-2.72004958,-242.87523704
13.00,0.01196750,20.94051743,7.20656824,-2.72004958,-242.87523704
13.05,0.01614304,20.95222759,7.20742202,-2.71621835,-242.85217851
13.10,0.01614304,20.96393776,7.20827579,-2.71621835,-242.85217851
13.15,0.00528862,20.95417976,7.20278692,-2.72903446,-242.87160645
13.20,0.00528862,20.94442177,7.19729805,-2.72903446,-242.87160645
13.25,0.02136531,20.94832420,7.20486045,-2.71345182,-242.86660431
13.30,0.02136531,20.95222664,7.21242285,-2.71345182,-242.86660431
13.35,0.01086949,20.94246864,7.20315266,-2.73379811,-242.88407938
13.40,0.01086949,20.93271065,7.19388247,-2.73379811,-242.88407938
13.45,0.01130384,20.94051743,7.20010328,-2.71987769,-242.87048556
13.50,0.01130384,20.94832420,7.20632410,-2.71987769,-242.87048556
13.55,0.00797940,20.94637299,7.20107913,-2.73049906,-242.87159839
13.60,0.00797940,20.94442177,7.19583416,-2.73049906,-242.87159839
13.65,0.01991518,20.94442177,7.20290875,-2.71653657,-242.87337581
13.70,0.01991518,20.94442177,7.20998335,-2.71653657,-242.87337581
13.75,0.01151312,20.94442177,7.20534825,-2.72587439,-242.87272827
13.80,0.01151312,20.94442177,7.20071316,-2.72587439,-242.87272827
13.85,0.02358312,20.94051838,7.20327473,-2.72151003,-242.88126156
13.90,0.02358312,20.93661499,7.20583630,-2.72151003,-242.88126156
13.95,0.05992144,20.93856621,7.20937347,-2.71380794,-242.87655886
14.00,0.05992144,20.94051743,7.21291065,-2.71380794,-242.87655886
14.05,0.05970277,20.94246960,7.21388650,-2.71170969,-242.87437939
14.10,0.05970277,20.94442177,7.21486235,-2.71170969,-242.87437939
14.16,0.04008623,20.94051838,7.20534825,-2.73126687,-242.87838863
14.20,0.04008623,20.93661499,7.19583416,-2.73126687,-242.87838863
14.25,0.03051278,20.93856621,7.20376253,-2.71509595,-242.87697338
14.30,0.03051278,20.94051743,7.21169090,-2.71509595,-242.87697338
14.35,0.00298752,20.93661404,7.21315479,-2.71291196,-242.88365048
14.40,0.00298752,20.93271065,7.21461868,-2.71291196,-242.88365048
14.45,0.02028386,20.93466282,7.20644617,-2.72889736,-242.87917034
14.50,0.02028386,20.93661499,7.19827366,-2.72889736,-242.87917034
14.55,0.04756299,20.92685699,7.20851970,-2.71027776,-242.90087946
14.60,0.04756299,20.91709900,7.21876574,-2.71027776,-242.90087946
14.65,0.09962961,20.92100239,7.20217705,-2.74267807,-242.89134484
14.70,0.09962961,20.92490578,7.18558836,-2.74267807,-242.89134484
14.75,0.11038169,20.92100239,7.17765999,-2.75885902,-242.89455836
14.80,0.11038169,20.91709900,7.16973162,-2.75885902,-242.89455836
14.85,0.13701471,20.90734100,7.16729212,-2.76602174,-242.91710212
14.90,0.13701471,20.89758301,7.16485262,-2.76602174,-242.91710212
14.95,0.16640710,20.89367962,7.14289689,-2.81027677,-242.91877772
15.00,0.16640710,20.88977623,7.12094116,-2.81027677,-242.91877772
15.05,0.19839301,20.86635685,7.11008525,-2.83592481,-242.96277236
15.10,0.19839301,20.84293747,7.09922934,-2.83592481,-242.96277236
15.15,0.21180103,20.83708286,7.08642197,-2.86257956,-242.97250043
15.20,0.21180103,20.83122826,7.07361460,-2.86257956,-242.97250043
15.25,0.25265179,20.82147026,7.08093309,-2.84993838,-242.99385901
15.30,0.25265179,20.81171227,7.08825159,-2.84993838,-242.99385901
15.35,0.28592875,20.82342148,7.08898354,-2.84617932,-242.96871685
15.40,0.28592875,20.83513069,7.08971548,-2.84617932,-242.96871685
15.45,0.31840844,20.84684086,7.10728002,-2.80936827,-242.95235042
15.50,0.31840844,20.85855103,7.12484455,-2.80936827,-242.95235042
15.55,0.35776406,20.86050224,7.13691998,-2.78496603,-242.94984224
15.60,0.35776406,20.86245346,7.14899540,-2.78496603,-242.94984224
15.85,0.45553843,20.83513069,7.08727574,-2.91288849,-242.99360178
15.90,0.45553843,20.80780792,7.02555609,-2.91288849,-242.99360178
15.95,0.50901652,20.83122730,7.05763578,-2.84442687,-242.95003712
16.00,0.50901652,20.85464668,7.08971548,-2.84442687,-242.95003712
16.05,0.53150584,20.85464668,7.10691404,-2.81033254,-242.95525826
16.10,0.53150584,20.85464668,7.12411261,-2.81033254,-242.95525826
16.15,0.16891726,20.85074329,7.12582016,-2.80747643,-242.96187392
16.20,0.16891726,20.84683990,7.12752771,-2.80747643,-242.96187392
16.25,0.24622867,20.86830807,7.12508821,-2.80860659,-242.91928127
16.30,0.24622867,20.88977623,7.12264872,-2.80860659,-242.91928127
16.35,0.23310893,20.89758205,7.12789369,-2.79638252,-242.90257076
16.40,0.23310893,20.90538788,7.13313866,-2.79638252,-242.90257076
16.45,0.19836863,20.90343666,7.12289286,-2.81746122,-242.90673417
16.50,0.19836863,20.90148544,7.11264706,-2.81746122,-242.90673417
16.55,0.22855119,20.90343666,7.09910774,-2.84401919,-242.90124896
16.60,0.22855119,20.90538788,7.08556843,-2.84401919,-242.90124896
16.65,0.19399489,20.90538788,7.12191701,-2.77177613,-242.90794171
16.70,0.19399489,20.90538788,7.15826559,-2.77177613,-242.90794171
16.75,0.12906066,20.87611389,7.12691784,-2.83916902,-242.95809129
16.80,0.12906066,20.84683990,7.09557009,-2.83916902,-242.95809129
16.85,0.14838398,20.88196945,7.11276865,-2.79857758,-242.89250525
16.90,0.14838398,20.91709900,7.12996721,-2.79857758,-242.89250525
16.95,0.14012937,20.92100239,7.12752771,-2.80277399,-242.88489857
17.00,0.14012937,20.92490578,7.12508821,-2.80277399,-242.88489857
17.05,0.14222985,20.92880821,7.10362053,-2.84468051,-242.87162500
17.10,0.14222985,20.93271065,7.08215284,-2.84468051,-242.87162500
17.15,0.07217359,20.92490482,7.08325076,-2.84425074,-242.89013303
17.20,0.07217359,20.91709900,7.08434868,-2.84425074,-242.89013303
17.25,0.08586586,20.92100239,7.10130310,-2.80974901,-242.88544567
17.30,0.08586586,20.92490578,7.11825752,-2.80974901,-242.88544567
17.35,0.06279843,20.92490578,7.09557009,-2.85459007,-242.87851228
17.40,0.06279843,20.92490578,7.07288265,-2.85459007,-242.87851228
17.45,0.07498324,20.96198559,7.08410454,-2.82590631,-242.80979402
17.50,0.07498324,20.99906540,7.09532642,-2.82590631,-242.80979402
17.55,0.06672317,20.97564602,7.11484241,-2.79094935,-242.85663924
17.60,0.06672317,20.95222664,7.13435841,-2.79094935,-242.85663924
17.65,0.18256355,20.96979141,7.15058112,-2.75544083,-242.82585258
17.70,0.18256355,20.98735619,7.16680384,-2.75544083,-242.82585258
17.75,0.30367213,20.99711418,7.19815159,-2.69122344,-242.81194204
17.80,0.30367213,21.00687218,7.22949934,-2.69122344,-242.81194204
17.85,0.15054816,21.02911472,7.21270871,-2.72188823,-242.77801162
17.90,0.15054816,21.05135727,7.19591808,-2.72188823,-242.77801162
17.95,0.26423153,21.01155090,7.15672207,-2.80618098,-242.83834532
18.00,0.26423153,20.97174454,7.11752605,-2.80618098,-242.83834532
18.05,0.15841138,20.96198559,7.09922957,-2.84433914,-242.85391751
18.10,0.15841138,20.95222664,7.08093309,-2.84433914,-242.85391751
18.15,0.16426254,20.96198559,7.07178497,-2.86060145,-242.83143363
18.20,0.16426254,20.97174454,7.06263685,-2.86060145,-242.83143363
18.25,0.14890248,20.97369576,7.09520435,-2.79528540,-242.83168343
18.30,0.14890248,20.97564697,7.12777185,-2.79528540,-242.83168343
18.35,0.13327926,20.96784019,7.15509439,-2.74267958,-242.85526926
18.40,0.13327926,20.96003342,7.18241692,-2.74267958,-242.85526926
18.45,0.09446959,20.96784019,7.17375660,-2.75819773,-242.83690276
18.50,0.09446959,20.97564697,7.16509628,-2.75819773,-242.83690276
18.55,0.34770230,20.96979237,7.08739781,-2.91394400,-242.83283239
18.60,0.34770230,20.96393776,7.00969934,-2.91394400,-242.83283239
18.65,0.37224028,20.94832420,7.02409244,-2.88813773,-242.86718429
18.70,0.37224028,20.93271065,7.03848553,-2.88813773,-242.86718429
18.75,0.34472061,20.95027542,7.02067709,-2.92045969,-242.83012862
18.80,0.34472061,20.96784019,7.00286865,-2.92045969,-242.83012862
18.85,0.30048399,21.00764656,7.00486112,-2.91000090,-242.75924230
18.90,0.30048399,21.04745293,7.00685358,-2.91000090,-242.75924230
18.95,0.33140414,20.98422718,6.98253965,-2.96919141,-242.87078583
19.00,0.33140414,20.92100143,6.95822573,-2.96919141,-242.87078583
19.05,0.16988123,20.98617935,7.00656915,-2.86191277,-242.75976298
19.10,0.16988123,21.05135727,7.05491257,-2.86191277,-242.75976298
19.15,0.16352156,20.99788952,7.00766683,-2.96484228,-242.84858755
19.20,0.16352156,20.94442177,6.96042109,-2.96484228,-242.84858755
19.25,0.11579827,20.89563084,6.94334459,-3.00786955,-242.94182878
19.30,0.11579827,20.84683990,6.92626810,-3.00786955,-242.94182878
19.35,0.15678180,20.88001728,6.93761182,-2.97925997,-242.87934687
19.40,0.15678180,20.91319466,6.94895554,-2.97925997,-242.87934687
19.45,0.19435824,20.93271065,7.00396657,-2.86629583,-242.85267507
19.50,0.19435824,20.95222664,7.05897760,-2.86629583,-242.85267507
19.55,0.09575535,20.90929127,7.02104306,-2.94966545,-242.93097605
19.60,0.09575535,20.86635590,6.98310852,-2.94966545,-242.93097605
19.65,0.08633775,20.87806606,6.97176480,-2.97012644,-242.90447334
19.70,0.08633775,20.88977623,6.96042109,-2.97012644,-242.90447334
19.75,0.06595529,20.85074425,7.06263685,-2.77374326,-243.00101009
19.80,0.06595529,20.81171227,7.16485262,-2.77374326,-243.00101009
19.85,0.09196402,20.81366348,7.16314483,-2.77676236,-242.99655472
19.90,0.09196402,20.81561470,7.16143703,-2.77676236,-242.99655472
19.95,0.18485783,20.85464668,7.00689387,-3.07728517,-242.89031857
20.00,0.18485783,20.89367867,6.85235071,-3.07728517,-242.89031857
20.05,0.41506755,20.84293747,6.99835563,-2.79571809,-243.01642422
20.10,0.41506755,20.79219627,7.14436054,-2.79571809,-243.01642422
20.15,0.51205793,20.87416363,7.09752178,-2.87407013,-242.84599314
20.20,0.51205793,20.95613098,7.05068302,-2.87407013,-242.84599314
20.25,0.44724346,20.95222759,7.02360439,-2.92869038,-242.84972553
20.30,0.44724346,20.94832420,6.99652576,-2.92869038,-242.84972553
20.35,0.47189629,20.93271160,7.00786948,-2.90938969,-242.88585900
20.40,0.47189629,20.91709900,7.01921320,-2.90938969,-242.88585900
20.45,0.39392565,20.86440563,7.05080509,-2.85580949,-242.99447227
20.50,0.39392565,20.81171227,7.08239698,-2.85580949,-242.99447227
20.55,0.33289840,20.88587284,7.05800176,-2.89057012,-242.84074888
20.60,0.33289840,20.96003342,7.03360653,-2.89057012,-242.84074888
20.65,0.63520156,20.94637203,7.15045929,-2.66040426,-242.88970930
20.70,0.63520156,20.93271065,7.26731205,-2.66040426,-242.88970930
20.75,0.86737485,20.94637203,7.32171321,-2.54967307,-242.87227222
20.80,0.86737485,20.96003342,7.37611437,-2.54967307,-242.87227222
20.85,0.33711971,20.98540497,7.25267506,-2.79069607,-242.79947534
20.90,0.33711971,21.01077652,7.12923574,-2.79069607,-242.79947534
20.95,0.38737653,21.01077652,7.12728405,-2.79452362,-242.79796099
21.00,0.38737653,21.01077652,7.12533236,-2.79452362,-242.79796099
21.05,0.20634695,20.99516296,7.08203101,-2.88351940,-242.81973157
21.10,0.20634695,20.97954941,7.03872967,-2.88351940,-242.81973157
21.15,0.12518190,20.95808220,7.06153917,-2.84209129,-242.86673285
21.20,0.12518190,20.93661499,7.08434868,-2.84209129,-242.86673285
21.25,0.71516152,21.00374413,7.22466350,-2.55178615,-242.77397963
21.30,0.71516152,21.07087326,7.36497831,-2.55178615,-242.77397963
21.35,0.40363006,21.00959873,7.17819071,-2.93394950,-242.84940063
21.40,0.40363006,20.94832420,6.99140310,-2.93394950,-242.84940063
21.45,0.42691845,20.91124344,6.96761775,-2.98823806,-242.92040397
21.50,0.42691845,20.87416267,6.94383240,-2.98823806,-242.92040397
21.55,0.38211064,20.89172745,6.95542002,-2.96165354,-242.88429862
21.60,0.38211064,20.90929222,6.96700764,-2.96165354,-242.88429862
21.65,0.38649506,20.85269547,7.02909327,-2.84846333,-243.00933712
21.70,0.38649506,20.79609871,7.09117889,-2.84846333,-243.00933712
21.75,0.30486021,20.87416267,7.05629396,-2.90370655,-242.84905750
21.80,0.30486021,20.95222664,7.02140903,-2.90370655,-242.84905750
21.85,0.30867558,20.95613003,7.01189494,-2.92146820,-242.83550710
21.90,0.30867558,20.96003342,7.00238085,-2.92146820,-242.83550710
21.95,0.39992254,20.91514683,7.03726578,-2.86072430,-242.93476422
22.00,0.39992254,20.87026024,7.07215071,-2.86072430,-242.93476422
22.05,0.34811277,20.84098625,7.07300472,-2.86431630,-242.99355028
22.10,0.34811277,20.81171227,7.07385874,-2.86431630,-242.99355028
22.15,0.41966739,20.82537270,7.06251502,-2.88410528,-242.96160779
22.20,0.41966739,20.83903313,7.05117130,-2.88410528,-242.96160779
22.25,0.37543997,20.85269451,7.03982735,-2.90439460,-242.93415868
22.30,0.37543997,20.86635590,7.02848339,-2.90439460,-242.93415868
22.35,0.32279349,20.84293652,7.01177287,-2.94224557,-242.97935620
22.40,0.32279349,20.81951714,6.99506235,-2.94224557,-242.97935620
22.45,0.31432036,20.87416267,7.03226495,-2.85784326,-242.87584137
22.50,0.31432036,20.92880821,7.06946754,-2.85784326,-242.87584137
22.55,0.19583747,20.94051743,7.05544019,-2.88369471,-242.84928075
22.60,0.19583747,20.95222664,7.04141283,-2.88369471,-242.84928075
22.65,0.46869163,20.95613003,7.10703588,-2.75232576,-242.85410183
22.70,0.46869163,20.96003342,7.17265892,-2.75232576,-242.85410183
22.75,0.57270052,20.96784019,7.18571019,-2.72493843,-242.84124073
22.80,0.57270052,20.97564697,7.19876146,-2.72493843,-242.84124073
22.85,0.81240408,21.00959873,7.26040196,-2.59699377,-242.79654546
22.90,0.81240408,21.04355049,7.32204247,-2.59699377,-242.79654546
22.95,0.81900745,21.05330849,7.26922655,-2.70010198,-242.76398513
23.00,0.81900745,21.06306648,7.21641064,-2.70010198,-242.76398513
23.05,0.73542096,21.08258247,7.21018958,-2.70892408,-242.72624070
23.10,0.73542096,21.10209846,7.20396852,-2.70892408,-242.72624070
23.15,0.47312493,21.03887272,7.16245484,-2.80200811,-242.83146245
23.20,0.47312493,20.97564697,7.12094116,-2.80200811,-242.83146245
23.25,0.19751727,20.98345375,7.09386253,-2.85498810,-242.81556000
23.30,0.19751727,20.99126053,7.06678391,-2.85498810,-242.81556000
23.35,0.33950156,20.95613098,7.04617000,-2.90234505,-242.87875259
23.40,0.33950156,20.92100143,7.02555609,-2.90234505,-242.87875259
23.45,0.21996826,20.86440468,7.03226471,-2.89937593,-242.99330878
23.50,0.21996826,20.80780792,7.03897333,-2.89937593,-242.99330878
23.55,0.14514654,20.87416267,7.03433824,-2.89623421,-242.85920611
23.60,0.14514654,20.94051743,7.02970314,-2.89623421,-242.85920611
23.65,0.09658561,20.93271160,6.98481607,-2.98756249,-242.87045595
23.70,0.09658561,20.92490578,6.93992901,-2.98756249,-242.87045595
23.75,0.08197379,20.97642136,6.93801808,-2.98252257,-242.77430433
23.80,0.08197379,21.02793694,6.93610716,-2.98252257,-242.77430433
23.85,0.10616354,20.96666241,6.97131753,-2.92260558,-242.89091027
23.90,0.10616354,20.90538788,7.00652790,-2.92260558,-242.89091027
23.95,0.15001300,20.89953327,7.01348066,-2.91024430,-242.90908130
24.00,0.15001300,20.89367867,7.02043343,-2.91024430,-242.90908130
24.05,0.10844450,20.92880821,7.03189898,-2.88068683,-242.83760249
24.10,0.10844450,20.96393776,7.04336452,-2.88068683,-242.83760249
24.15,0.20814609,20.98150158,7.01250482,-2.93897791,-242.79951176
24.20,0.20814609,20.99906540,6.98164511,-2.93897791,-242.79951176
24.25,0.27146063,20.94832420,6.95237088,-3.00633986,-242.89289018
24.30,0.27146063,20.89758301,6.92309666,-3.00633986,-242.89289018
24.35,0.25330946,20.92100239,6.92846346,-2.99179406,-242.85055516
24.40,0.25330946,20.94442177,6.93383026,-2.99179406,-242.85055516
24.45,0.27858363,20.95613098,6.90016508,-3.05630280,-242.81815991
24.50,0.27858363,20.96784019,6.86649990,-3.05630280,-242.81815991
24.55,0.10264810,20.98735619,6.89540815,-2.99545163,-242.78659964
24.60,0.10264810,21.00687218,6.92431641,-2.99545163,-242.78659964
24.65,0.12769804,21.01545334,6.93191934,-2.97921525,-242.77576233
24.70,0.12769804,21.02403450,6.93952227,-2.97921525,-242.77576233
24.75,0.14448999,20.95300198,6.96717024,-2.93641496,-242.91413910
24.80,0.14448999,20.88196945,6.99481821,-2.93641496,-242.91413910
24.85,0.16559347,20.90343761,6.96151900,-2.99849135,-242.86355608
24.90,0.16559347,20.92490578,6.92821980,-2.99849135,-242.86355608
24.95,0.09077542,20.92490578,6.93285465,-2.98956685,-242.86671524
25.00,0.09077542,20.92490578,6.93748951,-2.98956685,-242.86671524
25.05,0.15964684,20.98227596,6.96009588,-2.93519919,-242.76992912
25.10,0.15964684,21.03964615,6.98270226,-2.93519919,-242.76992912
25.15,0.09506739,20.99398518,6.96960998,-2.96858435,-242.84589604
25.20,0.09506739,20.94832420,6.95651770,-2.96858435,-242.84589604
25.25,0.12767274,20.95417881,6.88906527,-3.10171438,-242.82136439
25.30,0.12767274,20.96003342,6.82161283,-3.10171438,-242.82136439
25.35,0.10548972,20.98150158,6.88125896,-2.97912316,-242.78971717
25.40,0.10548972,21.00296974,6.94090509,-2.97912316,-242.78971717
25.45,0.10069847,21.01740456,6.94399500,-2.97126436,-242.77171845
25.50,0.10069847,21.03183937,6.94708490,-2.97126436,-242.77171845
25.55,0.13214575,21.01350117,6.89544868,-3.07651756,-242.78897986
25.60,0.13214575,20.99516296,6.84381247,-3.07651756,-242.78897986
25.65,0.11527721,20.97955036,6.87137890,-3.02450225,-242.82682897
25.70,0.11527721,20.96393776,6.89894533,-3.02450225,-242.82682897
25.75,0.06000939,21.03301811,6.88459229,-3.04097285,-242.69265261
25.80,0.06000939,21.10209846,6.87023926,-3.04097285,-242.69265261
25.85,0.06619294,21.01154995,6.87459040,-3.04813768,-242.86435642
25.90,0.06619294,20.92100143,6.87894154,-3.04813768,-242.86435642
25.95,0.08220793,20.99398518,6.89117932,-3.01146451,-242.73282925
26.00,0.08220793,21.06696892,6.90341711,-3.01146451,-242.73282925
26.05,0.05322674,20.99593735,6.88105536,-3.06790193,-242.85903522
26.10,0.05322674,20.92490578,6.85869360,-3.06790193,-242.85903522
26.15,0.15259728,20.99398613,6.86605215,-3.04152898,-242.73131903
26.20,0.15259728,21.06306648,6.87341070,-3.04152898,-242.73131903
26.25,0.16381695,21.03106594,6.87093115,-3.05159755,-242.78674194
26.30,0.16381695,20.99906540,6.86845160,-3.05159755,-242.78674194
26.35,0.17765992,21.02521133,6.88020134,-3.02433617,-242.74696897
26.40,0.17765992,21.05135727,6.89195108,-3.02433617,-242.74696897
26.45,0.16868866,21.03106689,6.90593815,-2.99912146,-242.77777818
26.50,0.16868866,21.01077652,6.91992521,-2.99912146,-242.77777818
26.55,0.12404547,21.02716351,6.89093494,-3.05478149,-242.75188053
26.60,0.12404547,21.04355049,6.86194468,-3.05478149,-242.75188053
26.65,0.13627376,21.06306648,6.84352612,-3.08791508,-242.70834883
26.70,0.13627376,21.08258247,6.82510757,-3.08791508,-242.70834883
26.75,0.11566908,21.08648586,6.83498788,-3.06729056,-242.70101549
26.80,0.11566908,21.09038925,6.84486818,-3.06729056,-242.70101549
26.85,0.47300571,21.11576080,6.93110585,-2.89128674,-242.67162684
26.90,0.47300571,21.14113235,7.01734352,-2.89128674,-242.67162684
26.95,0.33653562,21.07205105,6.93338346,-3.07029171,-242.78249840
27.00,0.33653562,21.00296974,6.84942341,-3.07029171,-242.78249840
27.05,0.20348221,20.98735714,6.78014112,-3.21073815,-242.79756300
27.10,0.20348221,20.97174454,6.71085882,-3.21073815,-242.79756300
27.15,0.22263867,20.96003437,6.77087092,-3.09349900,-242.83212686
27.20,0.22263867,20.94832420,6.83088303,-3.09349900,-242.83212686
27.25,0.07532630,21.00179195,6.81226039,-3.12164957,-242.73144008
27.30,0.07532630,21.05525970,6.79363775,-3.12164957,-242.73144008
27.35,0.12076636,21.05916309,6.85682178,-2.99502160,-242.73607449
27.40,0.12076636,21.06306648,6.92000580,-2.99502160,-242.73607449
27.45,0.15377017,21.06696987,6.91219926,-3.01005219,-242.72883354
27.50,0.15377017,21.07087326,6.90439272,-3.01005219,-242.72883354
27.55,0.17012127,21.06111526,6.87365460,-3.07293742,-242.74135542
27.60,0.17012127,21.05135727,6.84291649,-3.07293742,-242.74135542
27.66,0.17637206,21.07087326,6.87609434,-3.00315287,-242.70819802
27.70,0.17637206,21.09038925,6.90927219,-3.00315287,-242.70819802
27.75,0.32656085,21.12356663,6.90756440,-3.00047935,-242.64146242
27.80,0.32656085,21.15674400,6.90585661,-3.00047935,-242.64146242
27.85,0.33084383,21.09624386,6.85352850,-3.11605137,-242.75271843
27.90,0.33084383,21.03574371,6.80120039,-3.11605137,-242.75271843
27.95,0.17469003,21.04550171,6.79741907,-3.12163005,-242.73264351
28.01,0.17469003,21.05525970,6.79363775,-3.12163005,-242.73264351
28.05,0.26890439,21.07477570,6.81510568,-3.07520182,-242.69773503
28.10,0.26890439,21.09429169,6.83657360,-3.07520182,-242.69773503
28.15,0.26171184,21.08063030,6.84584379,-3.05984432,-242.73069087
28.20,0.26171184,21.06696892,6.85511398,-3.05984432,-242.73069087
28.25,0.16512085,21.10600185,6.90109944,-2.96071237,-242.65921432
28.30,0.16512085,21.14503479,6.94708490,-2.96071237,-242.65921432
28.35,0.14824480,21.05253410,6.90910983,-3.05240717,-242.82619771
28.40,0.14824480,20.96003342,6.87113476,-3.05240717,-242.82619771
28.45,0.14537113,20.95222759,6.84552002,-3.10489819,-242.83709935
28.50,0.14537113,20.94442177,6.81990528,-3.10489819,-242.83709935
28.55,0.11533691,21.04277706,6.86202717,-3.00365744,-242.65806559
28.60,0.11533691,21.14113235,6.90414906,-3.00365744,-242.65806559
28.65,0.09143792,21.14698696,6.91024780,-2.99036043,-242.64744794
28.70,0.09143792,21.15284157,6.91634655,-2.99036043,-242.64744794
28.75,0.06789826,21.15479279,6.92671466,-2.96940367,-242.64586793
28.80,0.06789826,21.15674400,6.93708277,-2.96940367,-242.64586793
28.85,0.06590670,21.16259956,6.91146755,-3.01925356,-242.62767692
28.90,0.06590670,21.16845512,6.88585234,-3.01925356,-242.62767692
28.95,0.02383528,21.11966419,6.83218241,-3.13565445,-242.71908469
29.00,0.02383528,21.07087326,6.77851248,-3.13565445,-242.71908469
29.05,0.06109130,21.09624386,6.79424763,-3.09936109,-242.67052947
29.10,0.06109130,21.12161446,6.80998278,-3.09936109,-242.67052947
29.15,0.09876662,21.12356663,6.83169460,-3.05587623,-242.67094443
29.20,0.09876662,21.12551880,6.85340643,-3.05587623,-242.67094443
29.25,0.07490879,21.11185741,6.87853384,-3.00839387,-242.70237509
29.30,0.07490879,21.09819603,6.90366125,-3.00839387,-242.70237509
29.35,0.07293606,21.06892109,6.87060547,-3.07937704,-242.75126670
29.40,0.07293606,21.03964615,6.83754969,-3.07937704,-242.75126670
29.45,0.00411380,21.06696892,6.86133504,-3.02673594,-242.70067438
29.50,0.00411380,21.09429169,6.88512039,-3.02673594,-242.70067438
29.55,0.19862281,21.09038830,6.84450197,-3.10870303,-242.70303981
29.60,0.19862281,21.08648491,6.80388355,-3.10870303,-242.70303981
29.65,0.19812469,21.07087231,6.77155972,-3.17606577,-242.73068011
29.70,0.19812469,21.05525970,6.73923588,-3.17606577,-242.73068011
29.75,0.31336325,21.10209846,6.71435261,-3.21707273,-242.63307584
29.80,0.31336325,21.14893723,6.68946934,-3.21707273,-242.63307584
29.85,0.25340590,21.11966324,6.74887204,-3.10387659,-242.69875457
29.90,0.25340590,21.09038925,6.80827475,-3.10387659,-242.69875457
29.95,0.34815391,21.09038925,6.82315612,-3.07424293,-242.70147585
30.00,0.34815391,21.09038925,6.83803749,-3.07424293,-242.70147585
30.05,0.41206130,21.10014725,6.82693744,-3.09450865,-242.68086478
30.10,0.41206130,21.10990524,6.81583738,-3.09450865,-242.68086478
30.15,0.43892595,21.09819508,6.80595732,-3.11642869,-242.70168668
30.20,0.43892595,21.08648491,6.79607725,-3.11642869,-242.70168668
30.25,0.42630889,21.06306553,6.78119612,-3.15043367,-242.74663073
30.30,0.42630889,21.03964615,6.76631498,-3.15043367,-242.74663073
30.35,0.24866472,21.03964615,6.72252512,-3.23753639,-242.73637970
30.40,0.24866472,21.03964615,6.67873526,-3.23753639,-242.73637970
30.45,0.32299297,21.05330753,6.70459437,-3.18374414,-242.71712564
30.50,0.32299297,21.06696892,6.73045349,-3.18374414,-242.71712564
30.55,0.17972148,21.06892109,6.77656078,-3.09156163,-242.72213988
30.60,0.17972148,21.07087326,6.82266808,-3.09156163,-242.72213988
30.65,0.23877476,21.11380863,6.81961870,-3.08946011,-242.63353123
30.70,0.23877476,21.15674400,6.81656933,-3.08946011,-242.63353123
30.75,0.21649348,21.09624386,6.75155544,-3.22997068,-242.74144720
30.80,0.21649348,21.03574371,6.68654156,-3.22997068,-242.74144720
30.85,0.41645846,21.10405064,6.78912449,-3.01344219,-242.62838900
30.90,0.41645846,21.17235756,6.89170742,-3.01344219,-242.62838900
30.95,0.39312992,21.20748711,6.85877347,-3.07192212,-242.54734831
31.00,0.39312992,21.24261665,6.82583952,-3.07192212,-242.54734831
31.05,0.41979451,21.18406773,6.81644726,-3.10197536,-242.66527627
31.10,0.41979451,21.12551880,6.80705500,-3.10197536,-242.66527627
31.15,0.40808207,21.10209942,6.79851675,-3.12341183,-242.71138579
31.20,0.40808207,21.07868004,6.78997850,-3.12341183,-242.71138579
31.25,0.26116542,21.10405064,6.79449153,-3.10918901,-242.65776846
31.30,0.26116542,21.12942123,6.79900455,-3.10918901,-242.65776846
31.35,0.27153747,21.08063030,6.78680682,-3.14292259,-242.75494524
31.40,0.27153747,21.03183937,6.77460909,-3.14292259,-242.75494524
31.45,0.17979787,21.07087231,6.76558280,-3.15373395,-242.67604335
31.50,0.17979787,21.10990524,6.75655651,-3.15373395,-242.67604335
31.55,0.23572899,21.14308357,6.75387311,-3.15258775,-242.60762855
31.60,0.23572899,21.17626190,6.75118971,-3.15258775,-242.60762855
31.65,0.19089341,21.16259956,6.76802254,-3.12189859,-242.64092570
31.70,0.19089341,21.14893723,6.78485537,-3.12189859,-242.64092570
31.75,0.05590742,21.15479279,6.83352423,-3.02378638,-242.63620103
31.80,0.05590742,21.16064835,6.88219309,-3.02378638,-242.63620103
31.85,0.10568217,21.13137341,6.80705523,-3.17913296,-242.68307356
31.90,0.10568217,21.10209846,6.73191738,-3.17913296,-242.68307356
31.95,0.03793798,21.13332462,6.78631902,-3.06449943,-242.62779000
32.00,0.03793798,21.16455078,6.84072065,-3.06449943,-242.62779000
32.05,0.11039056,21.10795403,6.80266380,-3.15079790,-242.73224958
32.10,0.11039056,21.05135727,6.76460695,-3.15079790,-242.73224958
32.15,0.15528332,21.05916309,6.78253770,-3.11377091,-242.72022861
32.20,0.15528332,21.06696892,6.80046844,-3.11377091,-242.72022861
32.25,0.19285166,21.11771202,6.79924870,-3.10655309,-242.61848452
32.30,0.19285166,21.16845512,6.79802895,-3.10655309,-242.61848452
32.35,0.10432150,21.16845512,6.78900266,-3.12478734,-242.62056331
32.40,0.10432150,21.16845512,6.77997637,-3.12478734,-242.62056331
32.45,0.04108946,21.15284157,6.74753046,-3.19214246,-242.64198033
32.50,0.04108946,21.13722801,6.71508455,-3.19214246,-242.64198033
32.55,0.06068348,21.10600185,6.73716235,-3.15415495,-242.71083054
32.60,0.06068348,21.07477570,6.75924015,-3.15415495,-242.71083054
32.65,0.03418261,21.11771202,6.75253153,-3.15926627,-242.62241101
32.70,0.03418261,21.16064835,6.74582291,-3.15926627,-242.62241101
32.75,0.06568836,21.12356663,6.71862197,-3.22077068,-242.69442569
32.80,0.06568836,21.08648491,6.69142103,-3.22077068,-242.69442569
32.85,0.12773926,21.08648491,6.69569016,-3.21215103,-242.69400492
32.90,0.12773926,21.08648491,6.69995928,-3.21215103,-242.69400492
32.95,0.11852010,21.09819508,6.69093299,-3.22792063,-242.67010416
33.00,0.11852010,21.10990524,6.68190670,-3.22792063,-242.67010416
33.05,0.04752661,21.12551880,6.69569016,-3.19771277,-242.64081333
33.10,0.04752661,21.14113235,6.70947361,-3.19771277,-242.64081333
33.15,0.05586282,21.15089035,6.70947361,-3.19578586,-242.62099185
33.20,0.05586282,21.16064835,6.70947361,-3.19578586,-242.62099185
33.25,0.03923437,21.15089035,6.71081519,-3.19490969,-242.63988817
33.30,0.03923437,21.14113235,6.71215677,-3.19490969,-242.63988817
33.35,0.11217742,21.15674496,6.72020745,-3.17587372,-242.61102697
33.40,0.11217742,21.17235756,6.72825813,-3.17587372,-242.61102697
33.45,0.05288483,21.14893818,6.72655034,-3.18366777,-242.65767549
33.50,0.05288483,21.12551880,6.72484255,-3.18366777,-242.65767549
33.55,0.05067719,21.11771202,6.73264909,-3.16983459,-242.67578503
33.60,0.05067719,21.10990524,6.74045563,-3.16983459,-242.67578503
33.65,0.11597883,21.11771202,6.72801399,-3.19280970,-242.65453745
33.70,0.11597883,21.12551880,6.71557236,-3.19280970,-242.65453745
33.75,0.07322746,21.16259956,6.71886563,-3.17934376,-242.58280593
33.80,0.07322746,21.19968033,6.72215891,-3.17934376,-242.58280593
33.85,0.08175116,21.18601894,6.71252275,-3.20108818,-242.60841177
33.90,0.08175116,21.17235756,6.70288658,-3.20108818,-242.60841177
33.95,0.11178871,21.18406773,6.70447230,-3.19591887,-242.58560658
34.00,0.11178871,21.19577789,6.70605803,-3.19591887,-242.58560658
34.05,0.05238414,21.18211651,6.69739771,-3.21559281,-242.61185908
34.10,0.05238414,21.16845512,6.68873739,-3.21559281,-242.61185908
34.15,0.14576779,21.18016434,6.67044091,-3.24997043,-242.58429791
34.20,0.14576779,21.19187355,6.65214443,-3.24997043,-242.58429791
34.25,0.09069518,21.16455078,6.65092468,-3.25739689,-242.63868553
34.30,0.09069518,21.13722801,6.64970493,-3.25739689,-242.63868553
34.35,0.09156574,21.15088940,6.65165639,-3.25103428,-242.61165416
34.40,0.09156574,21.16455078,6.65360785,-3.25103428,-242.61165416
34.45,0.09383317,21.15479279,6.64897275,-3.26210698,-242.63062583
34.50,0.09383317,21.14503479,6.64433765,-3.26210698,-242.63062583
34.55,0.03401822,21.14113140,6.64421582,-3.26310768,-242.63782041
34.60,0.03401822,21.13722801,6.64409399,-3.26310768,-242.63782041
34.65,0.03040125,21.14113140,6.63531160,-3.27961394,-242.62794698
34.70,0.03040125,21.14503479,6.62652922,-3.27961394,-242.62794698
34.75,0.15581158,21.12356663,6.62616324,-3.28435117,-242.67039371
34.80,0.15581158,21.10209846,6.62579727,-3.28435117,-242.67039371
34.85,0.07735493,21.14308262,6.62677312,-3.27458803,-242.58687073
34.90,0.07735493,21.18406677,6.62774897,-3.27458803,-242.58687073
34.95,0.09554422,21.18797016,6.62238193,-3.28485703,-242.58125163
35.00,0.09554422,21.19187355,6.61701488,-3.28485703,-242.58125163
35.05,0.15982059,21.16064739,6.63897085,-3.24704760,-242.64688579
35.10,0.15982059,21.12942123,6.66092682,-3.24704760,-242.64688579
35.25,0.27465387,21.22700310,6.62982249,-3.29062442,-242.44615452
35.30,0.27465387,21.32458496,6.59871817,-3.29062442,-242.44615452
35.35,0.05169691,21.32263374,6.60701275,-3.27443800,-242.45115239
35.40,0.05169691,21.32068253,6.61530733,-3.27443800,-242.45115239
35.45,0.24147804,21.31287575,6.60127997,-3.30412874,-242.46701912
35.50,0.24147804,21.30506897,6.58725262,-3.30412874,-242.46701912
35.55,0.16836750,21.28750420,6.58029985,-3.32108833,-242.49967965
35.60,0.16836750,21.26993942,6.57334709,-3.32108833,-242.49967965
35.65,0.19659956,21.28164959,6.58359313,-3.29840548,-242.47768521
35.70,0.19659956,21.29335976,6.59383917,-3.29840548,-242.47768521
35.75,0.10879499,21.27189159,6.59066772,-3.30901029,-242.52334562
35.80,0.10879499,21.25042343,6.58749628,-3.30901029,-242.52334562
35.85,0.15643571,21.25237465,6.59005785,-3.30343245,-242.51806552
35.90,0.15643571,21.25432587,6.59261942,-3.30343245,-242.51806552
35.95,0.15979876,21.23090649,6.58517885,-3.32222762,-242.55955655
36.00,0.15979876,21.20748711,6.57773829,-3.32222762,-242.55955655
36.05,0.03764481,21.15869617,6.57371306,-3.33971067,-242.65786234
36.10,0.03764481,21.10990524,6.56968784,-3.33971067,-242.65786234
36.15,0.15850930,21.16064739,6.57041955,-3.32844455,-242.55591526
36.20,0.15850930,21.21138954,6.57115126,-3.32844455,-242.55591526
36.25,0.05936817,21.18601894,6.58286119,-3.31046595,-242.61275884
36.30,0.05936817,21.16064835,6.59457111,-3.31046595,-242.61275884
36.35,0.07774437,21.19382572,6.60066986,-3.29180677,-242.54457797
36.40,0.07774437,21.22700310,6.60676861,-3.29180677,-242.54457797
36.55,0.05714379,21.34019852,6.60188961,-3.28005576,-242.31702485
36.60,0.05714379,21.45339394,6.59701061,-3.28005576,-242.31702485
36.65,0.23033056,21.42997360,6.56615043,-3.34617659,-242.35928010
36.70,0.23033056,21.40655327,6.53529024,-3.34617659,-242.35928010
36.85,0.17472537,21.31092358,6.54846382,-3.33778583,-242.55160035
36.90,0.17472537,21.21529388,6.56163740,-3.33778583,-242.55160035
36.95,0.25434268,21.13722801,6.57176137,-3.33220681,-242.71015409
37.00,0.25434268,21.05916214,6.58188534,-3.33220681,-242.71015409
37.05,0.15097562,21.25237465,6.55334282,-3.35311772,-242.32036265
37.10,0.15097562,21.44558716,6.52480030,-3.35311772,-242.32036265
37.25,0.16671249,21.29726219,6.49113464,-3.44761803,-242.60861137
37.30,0.16671249,21.14893723,6.45746899,-3.44761803,-242.60861137
37.35,0.20308671,21.15674400,6.52004313,-3.32153003,-242.60252848
37.40,0.20308671,21.16455078,6.58261728,-3.32153003,-242.60252848
37.45,0.14116037,21.16650295,6.53968143,-3.40677634,-242.59408324
37.50,0.14116037,21.16845512,6.49674559,-3.40677634,-242.59408324
