73.35,4.36110271,206.72515869,7.84873009,14.69878474,-57.82307874
73.40,4.36110271,206.69783783,7.75750685,14.69878474,-57.82307874
73.45,1.57052078,206.67051697,7.66628361,14.51253929,-57.86284872
73.50,1.57052078,206.72784424,7.72965050,14.51253929,-57.86284872
73.65,0.15703060,206.78517151,7.79301739,14.64804068,-57.75880832
73.70,0.15703060,206.77260590,7.79409981,14.64804068,-57.75880832
73.75,0.05696617,206.76004028,7.79518223,14.64819178,-57.78405989
73.80,0.05696617,206.77138519,7.79810977,14.64819178,-57.78405989
73.85,0.09778699,206.78273010,7.80103731,14.65583092,-57.76192072
73.90,0.09778699,206.74077606,7.79975653,14.65583092,-57.76192072
73.95,0.13729011,206.69882202,7.79847574,14.64657687,-57.84518013
74.00,0.13729011,206.72577667,7.80176902,14.64657687,-57.84518013
74.05,0.09117117,206.75273132,7.80506229,14.65745160,-57.79206797
74.10,0.09117117,206.71296692,7.80333948,14.65745160,-57.79206797
74.15,0.07755144,206.67320251,7.80161667,14.64764768,-57.87100333
74.20,0.07755144,206.70552826,7.81910515,14.64764768,-57.87100333
74.25,0.20581030,206.73785400,7.83659363,14.68767606,-57.80949706
74.30,0.20581030,206.69723511,7.80279088,14.68767606,-57.80949706
74.35,0.10444292,206.65661621,7.76898813,14.61382038,-57.88478921
74.40,0.10444292,206.74590302,7.76205063,14.61382038,-57.88478921
74.45,0.18720578,206.83518982,7.75511312,14.61429288,-57.70581435
74.50,0.18720578,206.84226227,7.74440980,14.61429288,-57.70581435
74.55,0.27999967,206.84933472,7.73370647,14.59406676,-57.69003400
74.60,0.27999967,206.77078247,7.73143458,14.59406676,-57.69003400
74.65,0.19126393,206.69223022,7.72916269,14.57694673,-57.84629519
74.70,0.19126393,206.74517059,7.72237778,14.57694673,-57.84629519
74.75,0.20320736,206.79811096,7.71559286,14.57193715,-57.73952209
74.80,0.20320736,206.77383423,7.69958329,14.57193715,-57.73952209
74.85,0.13628537,206.74955750,7.68357372,14.53610168,-57.78557386
74.90,0.13628537,206.73528290,7.66860127,14.53610168,-57.78557386
74.95,0.39881710,206.72100830,7.65362883,14.50395749,-57.81153747
75.00,0.39881710,206.74504089,7.66501832,14.50395749,-57.81153747
75.05,0.14708468,206.76907349,7.67640781,14.53052323,-57.76538893
75.10,0.14708468,206.72711182,7.65955973,14.53052323,-57.76538893
75.15,0.21382714,206.68515015,7.64271164,14.49021628,-57.84636769
75.20,0.21382714,206.77895355,7.64438891,14.49021628,-57.84636769
75.25,0.22445950,206.87275696,7.64606619,14.50857673,-57.65975989
75.30,0.22445950,206.84750366,7.63676548,14.50857673,-57.65975989
75.35,0.16164328,206.82225037,7.62746477,14.48600781,-57.70850800
75.40,0.16164328,206.84298706,7.62261629,14.48600781,-57.70850800
75.45,0.16573356,206.86372375,7.61776781,14.47968206,-57.66634849
75.50,0.16573356,206.82030487,7.59783983,14.47968206,-57.66634849
75.55,0.22885601,206.77688599,7.57791185,14.43296431,-57.74982251
75.60,0.22885601,206.79701233,7.57068467,14.43296431,-57.74982251
75.65,0.18816136,206.81713867,7.56345749,14.42180785,-57.70842440
75.70,0.18816136,206.76114655,7.54801226,14.42180785,-57.70842440
75.75,0.13965390,206.70515442,7.53256702,14.38203542,-57.81748706
75.80,0.13965390,206.72247314,7.55197644,14.38203542,-57.81748706
75.85,0.19679666,206.73979187,7.57138586,14.42349792,-57.78635569
75.90,0.19679666,206.75443268,7.57179761,14.42349792,-57.78635569
75.95,0.20895959,206.76907349,7.57220936,14.42668301,-57.75705636
76.00,0.20895959,206.82725525,7.56417418,14.42668301,-57.75705636
76.05,0.14067877,206.88543701,7.55613899,14.41998034,-57.63988998
76.10,0.14067877,206.88958740,7.55354691,14.41998034,-57.63988998
76.15,0.26550832,206.89373779,7.55095482,14.41548291,-57.63113379
76.20,0.26550832,206.87483215,7.53503704,14.41548291,-57.63113379
76.25,0.26642545,206.85592651,7.51911926,14.38070291,-57.66645396
76.30,0.26642545,206.86153412,7.51500249,14.38070291,-57.66645396
76.35,0.07877879,206.86714172,7.51088572,14.37340622,-57.65431385
76.40,0.07877879,206.85055542,7.49338198,14.37340622,-57.65431385
76.45,0.18549534,206.83396912,7.47587824,14.33583444,-57.68475291
76.50,0.18549534,206.84360504,7.43882799,14.33583444,-57.68475291
76.55,0.36580319,206.85324097,7.40177774,14.26351554,-57.65961493
76.60,0.36580319,206.87361145,7.43646479,14.26351554,-57.65961493
76.65,0.15521773,206.89398193,7.47115183,14.33594272,-57.62447489
76.70,0.15521773,206.84336090,7.45941162,14.33594272,-57.62447489
76.75,0.20320036,206.79273987,7.44767141,14.30443234,-57.72359134
76.80,0.20320036,206.82798767,7.45087337,14.30443234,-57.72359134
76.85,0.20251600,206.86323547,7.45407534,14.31643335,-57.65393340
76.90,0.20251600,206.88641357,7.43580937,14.31643335,-57.65393340
76.95,0.23410608,206.90959167,7.41754341,14.28376080,-57.60467347
77.00,0.23410608,206.93338013,7.41643023,14.28376080,-57.60467347
77.05,0.10746687,206.95716858,7.41531706,14.28538847,-57.55683928
77.10,0.10746687,206.90093231,7.45427322,14.28538847,-57.55683928
77.15,0.15381984,206.84469604,7.49322939,14.35401320,-57.67545450
77.20,0.15381984,206.81859589,7.47316432,14.35401320,-57.67545450
77.25,0.03259353,206.79249573,7.45309925,14.30980671,-57.72418508
77.30,0.03259353,206.78530121,7.45166612,14.30980671,-57.72418508
77.35,0.03401578,206.77810669,7.45023298,14.30582739,-57.73824107
77.40,0.03401578,206.78639984,7.40203691,14.30582739,-57.73824107
77.45,0.05172256,206.79469299,7.35384083,14.21106456,-57.71407888
77.50,0.05172256,206.81225586,7.34098768,14.21106456,-57.71407888
77.55,0.10857426,206.82981873,7.32813454,14.18826210,-57.67689414
77.60,0.10857426,206.83140564,7.35841513,14.18826210,-57.67689414
77.65,0.05194067,206.83299255,7.38869572,14.24886602,-57.67848891
77.70,0.05194067,206.88190460,7.38910747,14.24886602,-57.67848891
77.75,0.03265890,206.93081665,7.38951921,14.25752191,-57.58126961
77.80,0.03265890,206.85860443,7.39659381,14.25752191,-57.58126961
77.85,0.13101157,206.78639221,7.40366840,14.26005797,-57.72628409
77.90,0.13101157,206.81298065,7.39352918,14.26005797,-57.72628409
77.95,0.04082551,206.83956909,7.38338995,14.24410999,-57.67184128
78.00,0.04082551,206.83908081,7.33065033,14.24410999,-57.67184128
78.05,0.00643977,206.83859253,7.27791071,14.13889162,-57.66408406
78.10,0.00643977,206.83383942,7.33944774,14.13889162,-57.66408406
78.15,0.20513287,206.82908630,7.40098476,14.26080957,-57.68340426
78.20,0.20513287,206.90044403,7.37439394,14.26080957,-57.68340426
78.25,0.05592652,206.97180176,7.34780312,14.21923929,-57.53701035
78.30,0.05592652,206.97448730,7.33525467,14.21923929,-57.53701035
78.35,0.05838855,206.97717285,7.32270622,14.19466920,-57.52952792
78.40,0.05838855,206.97033691,7.33648968,14.19466920,-57.52952792
78.45,0.04135989,206.96350098,7.35027313,14.22104217,-57.54549939
78.50,0.04135989,206.94520569,7.33606291,14.22104217,-57.54549939
78.55,0.08481538,206.92691040,7.32185268,14.18975085,-57.57978722
78.60,0.08481538,206.94923401,7.31182003,14.18975085,-57.57978722
78.65,0.18874604,206.97155762,7.30178738,14.17335787,-57.53359348
78.70,0.18874604,206.93813324,7.29780793,14.17335787,-57.53359348
78.75,0.21506211,206.90470886,7.29382849,14.16006408,-57.59942042
78.80,0.21506211,206.93251801,7.27778864,14.16006408,-57.59942042
78.85,0.15662552,206.96032715,7.26174879,14.13253180,-57.54151807
78.90,0.15662552,206.91324615,7.25183821,14.13253180,-57.54151807
78.95,0.18446079,206.86616516,7.24192762,14.10522245,-57.63378415
79.00,0.18446079,206.85677338,7.23226094,14.10522245,-57.63378415
79.05,0.16449884,206.84738159,7.22259426,14.08446449,-57.65097662
79.10,0.16449884,206.86543274,7.21372056,14.08446449,-57.65097662
79.15,0.15351380,206.88348389,7.20484686,14.06966523,-57.61349733
79.20,0.15351380,206.95313263,7.22282314,14.06966523,-57.61349733
79.25,0.23616550,207.02278137,7.24079943,14.11666279,-57.47754875
79.30,0.23616550,207.00326538,7.25287509,14.11666279,-57.47754875
79.35,0.26447258,206.98374939,7.26495075,14.13759627,-57.51857290
79.40,0.26447258,206.98448181,7.25522304,14.13759627,-57.51857290
79.45,0.26292036,206.98521423,7.24549532,14.11836351,-57.51523742
79.50,0.26292036,206.90580750,7.23058367,14.11836351,-57.51523742
79.55,0.20945951,206.82640076,7.21567202,14.07588218,-57.67114506
79.60,0.20945951,206.88702393,7.17944503,14.07588218,-57.67114506
79.65,0.31262537,206.94764709,7.14321804,14.01339206,-57.54463477
79.70,0.31262537,206.91996002,7.16050816,14.01339206,-57.54463477
79.75,0.48880232,206.89227295,7.17779827,14.04340179,-57.60270381
79.80,0.48880232,207.00070953,7.12110972,14.04340179,-57.60270381
79.85,0.45949613,207.10914612,7.06442118,13.94779014,-57.37720307
79.90,0.45949613,206.97106934,7.13592982,13.94779014,-57.37720307
79.95,0.35651880,206.83299255,7.20743847,14.06819793,-57.66420391
80.00,0.35651880,206.88105011,7.12973952,14.06819793,-57.66420391
80.05,0.32444951,206.92910767,7.05204058,13.92098711,-57.55591343
80.10,0.32444951,206.93459320,7.11606312,13.92098711,-57.55591343
80.15,0.31276891,206.94007874,7.18008566,14.04951661,-57.55519826
80.20,0.31276891,206.97582245,7.14908838,14.04951661,-57.55519826
80.25,0.27788316,207.01156616,7.11809111,13.99347200,-57.47887894
80.30,0.27788316,207.02095795,7.10337758,13.99347200,-57.47887894
80.35,0.21692484,207.03034973,7.08866405,13.96561787,-57.45788180
80.40,0.21692484,207.03047180,7.06614423,13.96561787,-57.45788180
80.45,0.19742239,207.03059387,7.04362440,13.92075734,-57.45398519
80.50,0.19742239,207.01705170,7.07341719,13.92075734,-57.45398519
80.55,0.24484369,207.00350952,7.10320997,13.97796290,-57.48576330
80.60,0.24484369,206.96228027,7.08852696,13.97796290,-57.48576330
80.65,0.22886548,206.92105103,7.07384396,13.94209582,-57.56552520
80.70,0.22886548,206.84152222,7.05190349,13.94209582,-57.56552520
80.75,0.17941350,206.76199341,7.02996302,13.88560430,-57.72073340
80.80,0.17941350,206.92849731,7.01941204,13.88560430,-57.72073340
80.85,0.15582894,207.09500122,7.00886106,13.89125715,-57.38704217
80.90,0.15582894,207.07608795,7.03610754,13.89125715,-57.38704217
80.95,0.16808989,207.05717468,7.06335402,13.94254310,-57.42921251
81.00,0.16808989,207.05863953,7.02610540,13.94254310,-57.42921251
81.05,0.18066737,207.06010437,6.98885679,13.86853606,-57.42005209
81.10,0.18066737,207.07157135,7.02676105,13.86853606,-57.42005209
81.15,0.10014911,207.08303833,7.06466532,13.94591645,-57.40350125
81.20,0.10014911,207.05425262,7.03619909,13.94591645,-57.40350125
81.25,0.08714486,207.02546692,7.00773287,13.88456596,-57.45633346
81.30,0.08714486,207.00204468,7.04760385,13.88456596,-57.45633346
81.35,0.09723611,206.97862244,7.08747482,13.96030184,-57.50929395
81.40,0.09723611,206.94679260,7.08979225,13.96030184,-57.50929395
81.45,0.08590252,206.91496277,7.09210968,13.95980432,-57.57305189
81.50,0.08590252,206.93289185,7.05612683,13.95980432,-57.57305189
81.55,0.07591768,206.95082092,7.02014399,13.89093271,-57.53178759
81.60,0.07591768,207.02181244,7.03353071,13.89093271,-57.53178759
81.65,0.07679899,207.09280396,7.04691744,13.92903940,-57.39221259
81.70,0.07679899,206.99082947,7.04245019,13.92903940,-57.39221259
81.75,0.08099964,206.88885498,7.03798294,13.90376353,-57.59497489
81.80,0.08099964,206.97167969,7.01300812,13.90376353,-57.59497489
81.85,0.05822607,207.05450439,6.98803329,13.86723459,-57.42586637
81.90,0.05822607,207.06462860,6.95758510,13.86723459,-57.42586637
81.95,0.20679745,207.07475281,6.92713690,13.80819436,-57.40063979
82.00,0.20679745,207.07584381,6.94601274,13.80819436,-57.40063979
82.05,0.10377580,207.07693481,6.96488857,13.84597785,-57.40164278
82.10,0.10377580,207.11844635,6.94325781,13.84597785,-57.40164278
82.15,0.23014090,207.15995789,6.92162704,13.81384404,-57.25870394
82.20,0.23014090,207.11674500,6.93070936,13.81384404,-57.25870394
82.25,0.11598119,207.07353210,6.93979168,13.82069331,-57.40306661
82.30,0.11598119,207.06487274,6.93337274,13.82069331,-57.40306661
82.35,0.16626376,207.05621338,6.92695379,13.80651705,-57.41905781
82.40,0.16626376,207.04766846,6.92777705,13.80651705,-57.41905781
82.45,0.18392625,207.03912354,6.92860031,13.80676044,-57.43638340
82.50,0.18392625,207.01229095,6.91396308,13.80676044,-57.43638340
82.55,0.21376989,206.98545837,6.89932585,13.77330587,-57.48734189
82.60,0.21376989,206.90763855,6.89581919,13.77330587,-57.48734189
82.65,0.22430560,206.82981873,6.89231253,13.75382648,-57.64202371
82.70,0.22430560,206.87995148,6.87211013,13.75382648,-57.64202371
82.75,0.27538784,206.93008423,6.85190773,13.72158871,-57.53873386
82.80,0.27538784,206.90519714,6.83574581,13.72158871,-57.53873386
82.85,0.32998433,206.88031006,6.81958389,13.68537738,-57.58594749
82.90,0.32998433,206.85408783,6.84923935,13.68537738,-57.58594749
82.95,0.20751618,206.82786560,6.87889481,13.74029637,-57.64280352
83.00,0.20751618,206.92959595,6.81417108,13.74029637,-57.64280352
83.05,0.24110371,207.03132629,6.74944735,13.62758014,-57.42978449
83.10,0.24110371,207.02595520,6.79175806,13.62758014,-57.42978449
83.15,0.36299208,207.02058411,6.83406878,13.71106315,-57.44724918
83.20,0.36299208,207.01497650,6.81847095,13.71106315,-57.44724918
83.25,0.44233226,207.00936890,6.80287313,13.67907292,-57.45586168
83.30,0.44233226,207.00266266,6.79671335,13.67907292,-57.45586168
83.35,0.45340325,206.99595642,6.79055357,13.66569973,-57.46843529
83.40,0.45340325,206.98021698,6.78027701,13.66569973,-57.46843529
83.45,0.39600009,206.96447754,6.77000046,13.64271271,-57.49796775
83.50,0.39600009,206.91666412,6.77216554,13.64271271,-57.49796775
83.55,0.39521708,206.86885071,6.77433062,13.63935061,-57.59375892
83.60,0.39521708,206.88421631,6.77745628,13.63935061,-57.59375892
83.65,0.39458053,206.89958191,6.78058195,13.64804273,-57.56365143
83.70,0.39458053,206.91764069,6.71440959,13.64804273,-57.56365143
83.95,0.72727661,206.93569946,6.64823723,13.51903546,-57.51678768
84.00,0.72727661,206.91776276,6.61425161,13.51903546,-57.51678768
84.15,0.86350804,206.89982605,6.58026600,13.44841050,-57.54707718
84.20,0.86350804,206.91629791,6.59612298,13.44841050,-57.54707718
84.25,0.88330692,206.93276978,6.61197996,13.48266905,-57.51681093
84.30,0.88330692,206.96192169,6.61605096,13.48266905,-57.51681093
84.35,0.61824893,206.99107361,6.62012196,13.49543123,-57.45958678
84.40,0.61824893,207.02571106,6.61725545,13.49543123,-57.45958678
84.45,0.69691225,207.06034851,6.61438894,13.49525976,-57.39006899
84.50,0.69691225,207.00338745,6.63829637,13.49525976,-57.39006899
84.55,0.66353655,206.94642639,6.66220379,13.53382531,-57.50730822
84.60,0.66353655,207.05319214,6.67407322,13.53382531,-57.50730822
84.65,0.60110328,207.15995789,6.68594265,13.57901735,-57.23830746
84.70,0.60110328,207.07588196,6.67285347,13.57901735,-57.23830746
84.75,0.41816815,206.99180603,6.65976429,13.53499075,-57.46209786
84.80,0.41816815,206.96240997,6.68252802,13.53499075,-57.46209786
84.85,0.37998709,206.93301392,6.70529175,13.57569647,-57.52404439
84.90,0.37998709,206.93740082,6.69440532,13.57569647,-57.52404439
84.95,0.34250330,206.94178772,6.68351889,13.55468748,-57.51372795
85.00,0.34250330,206.99167633,6.68167400,13.55468748,-57.51372795
85.05,0.31213006,207.04156494,6.67982912,13.55898344,-57.41412450
85.10,0.31213006,207.01241302,6.66875982,13.55898344,-57.41412450
85.15,0.27667707,206.98326111,6.65769053,13.53227124,-57.47025832
85.20,0.27667707,206.98643494,6.63012385,13.53227124,-57.47025832
85.25,0.34108227,206.98960876,6.60255718,13.47782094,-57.45953438
85.30,0.34108227,206.94301605,6.59380531,13.47782094,-57.45953438
85.35,0.32456866,206.89642334,6.58505344,13.45287960,-57.55108309
85.40,0.32456866,206.91849518,6.57125497,13.45287960,-57.55108309
85.45,0.25120675,206.94056702,6.55745649,13.42891885,-57.50480180
85.50,0.25120675,206.94679260,6.58143997,13.42891885,-57.50480180
85.55,0.18746428,206.95301819,6.60542345,13.47773150,-57.49636734
85.60,0.18746428,206.97094727,6.60769534,13.47773150,-57.49636734
85.65,0.07636916,206.98887634,6.60996723,13.48513957,-57.46074855
85.70,0.07636916,207.00095367,6.62824845,13.48513957,-57.46074855
85.75,0.11225044,207.01303101,6.64652967,13.52352437,-57.43965289
85.80,0.11225044,206.96302032,6.63216686,13.52352437,-57.43965289
85.85,0.39301362,206.91300964,6.61780405,13.48688629,-57.53714363
85.90,0.39301362,206.94094086,6.61788034,13.48688629,-57.53714363
85.95,0.30272154,206.96887207,6.61795664,13.49150089,-57.48133196
86.00,0.30272154,206.97545624,6.61577630,13.49150089,-57.48133196
86.05,0.16976858,206.98204041,6.61359596,13.48821770,-57.46774958
86.10,0.16976858,206.99448395,6.62163115,13.48821770,-57.46774958
86.15,0.05363789,207.00692749,6.62966633,13.50623310,-57.44441364
86.20,0.05363789,207.00009918,6.62359810,13.50623310,-57.44441364
86.25,0.05300314,206.99327087,6.61752987,13.49303361,-57.45714960
86.30,0.05300314,206.99875641,6.62077737,13.49303361,-57.45714960
86.35,0.04321530,207.00424194,6.62402487,13.50038628,-57.44654756
86.40,0.04321530,206.99887848,6.62359810,13.50038628,-57.44654756
86.45,0.03865434,206.99351501,6.62317133,13.49867518,-57.45735461
86.50,0.03865434,207.00095367,6.61030269,13.49867518,-57.45735461
86.55,0.01199355,207.00839233,6.59743404,13.47421424,-57.44039974
86.60,0.01199355,207.01119995,6.60522532,13.47421424,-57.44039974
86.65,0.42562591,207.01400757,6.61301661,13.49020728,-57.43598438
86.70,0.42562591,207.01205444,6.61379433,13.49020728,-57.43598438
86.75,0.03824798,207.01010132,6.61457205,13.49144909,-57.43988573
86.80,0.03824798,207.00704956,6.60740590,13.49144909,-57.43988573
86.85,0.01894632,207.00399780,6.60023975,13.47664270,-57.44522275
86.90,0.01894632,206.99289703,6.60732961,13.47664270,-57.44522275
86.95,0.03160547,206.98179626,6.61441946,13.48899633,-57.46839196
87.00,0.03160547,206.98411560,6.61499882,13.48899633,-57.46839196
87.05,0.02880652,206.98643494,6.61557817,13.49055323,-57.46377116
87.10,0.02880652,206.98765564,6.61201048,13.49055323,-57.46377116
87.15,0.03153963,206.98887634,6.60844278,13.48361911,-57.46071606
87.20,0.03153963,206.98338318,6.61063814,13.48361911,-57.46071606
87.25,0.02752006,206.97789001,6.61283350,13.48713391,-57.47202301
87.30,0.02752006,206.98301697,6.61199498,13.48713391,-57.47202301
87.35,0.03527419,206.98814392,6.61115646,13.48627322,-57.46170975
87.40,0.03527419,206.98082733,6.60900664,13.48627322,-57.46170975
87.45,0.02620946,206.97351074,6.60685682,13.48080112,-57.47591672
87.50,0.02620946,206.97557831,6.61144614,13.48080112,-57.47591672
87.55,0.02575989,206.97764587,6.61603546,13.49028390,-57.47261800
87.60,0.02575989,206.97252655,6.61258960,13.49028390,-57.47261800
87.65,0.02207730,206.96740723,6.60914373,13.48259386,-57.48214135
87.70,0.02207730,206.98997498,6.61108017,13.48259386,-57.48214135
87.75,0.02399942,207.01254272,6.61301661,13.49009169,-57.43745907
87.80,0.02399942,207.01595306,6.61423635,13.49009169,-57.43745907
87.85,0.01968651,207.01936340,6.61545610,13.49305749,-57.43103034
87.90,0.01968651,206.99497223,6.61467862,13.49305749,-57.43103034
87.95,0.01982240,206.97058105,6.61390114,13.48760744,-57.47948077
88.00,0.01982240,206.96679688,6.61594415,13.48760744,-57.47948077
88.05,0.02251957,206.96301270,6.61798716,13.49107931,-57.48724838
88.10,0.02251957,206.96508789,6.62295771,13.49107931,-57.48724838
88.15,0.01721842,206.96716309,6.62792826,13.50130296,-57.48405513
88.20,0.01721842,206.96252441,6.62166166,13.50130296,-57.48405513
88.25,0.01680530,206.95788574,6.61539507,13.48808770,-57.49210818
88.30,0.01680530,206.97776794,6.61687422,13.48808770,-57.49210818
88.35,0.01714771,206.99765015,6.61835337,13.49420788,-57.45269717
88.40,0.01714771,206.97460175,6.61673713,13.49420788,-57.45269717
88.45,0.01429228,206.95155334,6.61512089,13.48726954,-57.49855463
88.50,0.01429228,206.94935608,6.62131119,13.48726954,-57.49855463
88.55,0.01227625,206.94715881,6.62750149,13.49927238,-57.50375325
88.60,0.01227625,206.94837952,6.62141776,13.49927238,-57.50375325
88.65,0.01168062,206.94960022,6.61533403,13.48735466,-57.50040399
88.70,0.01168062,206.95972443,6.61955762,13.48735466,-57.50040399
88.75,0.01163411,206.96984863,6.62378120,13.49740138,-57.48092368
88.80,0.01163411,206.96777344,6.62466550,13.49740138,-57.48092368
88.85,0.01194996,206.96569824,6.62554979,13.49882113,-57.48520988
88.90,0.01194996,206.95911407,6.63206029,13.49882113,-57.48520988
88.95,0.01361465,206.95252991,6.63857079,13.51074840,-57.49944909
89.00,0.01361465,206.95789337,6.63538408,13.51074840,-57.49944909
89.05,0.00900968,206.96325684,6.63219738,13.50524711,-57.48820692
89.10,0.00900968,206.96276855,6.63495708,13.50524711,-57.48820692
89.15,0.00798034,206.96228027,6.63771677,13.51065666,-57.48973231
89.20,0.00798034,206.96105957,6.63570428,13.51065666,-57.48973231
89.25,0.00790116,206.95983887,6.63369179,13.50648700,-57.49148087
89.30,0.00790116,206.95679474,6.63684797,13.50648700,-57.49148087
89.35,0.01259965,206.95375061,6.64000416,13.51227154,-57.49827948
89.40,0.01259965,206.95411682,6.63620758,13.51227154,-57.49827948
89.45,0.00837158,206.95448303,6.63241100,13.50473506,-57.49710653
89.50,0.00837158,206.95399475,6.63634467,13.50473506,-57.49710653
89.55,0.00922976,206.95350647,6.64027834,13.51253353,-57.49856660
89.60,0.00922976,206.95301819,6.64076638,13.51253353,-57.49856660
89.65,0.01230935,206.95252991,6.64125443,13.51341917,-57.49973118
89.71,0.01230935,206.95179749,6.64192510,13.51341917,-57.49973118
89.75,0.01334553,206.95106506,6.64259577,13.51462905,-57.50121290
89.80,0.01334553,206.95033264,6.64213848,13.51462905,-57.50121290
89.85,0.01062320,206.94960022,6.64168119,13.51360758,-57.50267804
89.90,0.01062320,206.95204163,6.64107132,13.51360758,-57.50267804
89.95,0.01151680,206.95448303,6.64046144,13.51277228,-57.49754494
90.00,0.01151680,206.95752716,6.63989735,13.51277228,-57.49754494
90.05,0.00270402,206.96057129,6.63933325,13.51215164,-57.49139219
90.10,0.00270402,206.96130371,6.64354134,13.51215164,-57.49139219
90.15,0.00599992,206.96203613,6.64774942,13.52066650,-57.49064359
90.20,0.00599992,206.95899200,6.64846611,13.52066650,-57.49064359
90.25,0.00176682,206.95594788,6.64918280,13.52160811,-57.49665237
90.30,0.00176682,206.95813751,6.65040255,13.52160811,-57.49665237
90.35,0.00079626,206.96032715,6.65162230,13.52439106,-57.49258581
90.40,0.00079626,206.95874786,6.65244555,13.52439106,-57.49258581
90.45,0.00066242,206.95716858,6.65326881,13.52576737,-57.49606301
90.50,0.00066242,206.95668030,6.65383291,13.52576737,-57.49606301
90.55,0.00508497,206.95619202,6.65439701,13.52680525,-57.49688500
90.60,0.00508497,206.95130920,6.65197277,13.52680525,-57.49688500
90.65,0.01054396,206.94642639,6.64954853,13.52119691,-57.50621348
90.70,0.01054396,206.94874573,6.65131736,13.52119691,-57.50621348
90.75,0.01313642,206.95106506,6.65308619,13.52509071,-57.50191095
90.80,0.01313642,206.95252991,6.65174437,13.52509071,-57.50191095
90.85,0.00761828,206.95399475,6.65040255,13.52264922,-57.49902658
90.90,0.00761828,206.95252991,6.65226269,13.52264922,-57.49902658
90.95,0.00237871,206.95106506,6.65412283,13.52611117,-57.50211387
91.00,0.00237871,206.95459747,6.65349770,13.52611117,-57.50211387
91.05,0.01782215,206.95812988,6.65287256,13.52546176,-57.49494730
91.10,0.01782215,206.95740509,6.65532732,13.52546176,-57.49494730
91.15,0.00426838,206.95668030,6.65778208,13.53021910,-57.49683875
91.20,0.00426838,206.95703888,6.65830040,13.53021910,-57.49683875
91.25,0.00739635,206.95739746,6.65881872,13.53133510,-57.49590222
91.30,0.00739635,206.96081543,6.65790391,13.53133510,-57.49590222
91.35,0.00626630,206.96423340,6.65698910,13.53005154,-57.48911773
91.40,0.00626630,206.96191406,6.65898657,13.53005154,-57.48911773
91.45,0.01202944,206.95959473,6.66098404,13.53366365,-57.49407250
91.50,0.01202944,206.96179199,6.65910864,13.53366365,-57.49407250
91.55,0.00698172,206.96398926,6.65723324,13.53028246,-57.48938435
91.60,0.00698172,206.96411133,6.65938306,13.53028246,-57.48938435
91.65,0.01260894,206.96423340,6.66153288,13.53454193,-57.48969346
91.70,0.01260894,206.96350098,6.66150236,13.53454193,-57.48969346
91.75,0.00507830,206.96276855,6.66147184,13.53439393,-57.49113428
91.80,0.00507830,206.96350098,6.65796494,13.53439393,-57.49113428
91.85,0.01306693,206.96423340,6.65445805,13.52750089,-57.48902744
91.90,0.01306693,206.96166992,6.65726352,13.52750089,-57.48902744
91.95,0.00343509,206.95910645,6.66006899,13.53270822,-57.49446357
92.00,0.00343509,206.95825195,6.66243243,13.53270822,-57.49446357
92.05,0.00944090,206.95739746,6.66479588,13.53728958,-57.49659504
92.10,0.00944090,206.95606232,6.66304231,13.53728958,-57.49659504
92.15,0.01105477,206.95472717,6.66128874,13.53358356,-57.49890126
92.20,0.01105477,206.95752716,6.65938282,13.53358356,-57.49890126
92.25,0.00856114,206.96032715,6.65747690,13.53021068,-57.49307625
92.30,0.00856114,206.95874786,6.66282868,13.53021068,-57.49307625
92.35,0.01252684,206.95716858,6.66818047,13.54060904,-57.49724308
92.40,0.01252684,206.95740509,6.66593909,13.54060904,-57.49724308
92.45,0.01968607,206.95764160,6.66369772,13.53619666,-57.49620296
92.50,0.01968607,206.95484161,6.66508532,13.53619666,-57.49620296
92.55,0.00494196,206.95204163,6.66647291,13.53850938,-57.50204769
92.60,0.00494196,206.95496368,6.66519213,13.53850938,-57.50204769
92.65,0.01936864,206.95788574,6.66391134,13.53642895,-57.49602396
92.70,0.01936864,206.95557404,6.66549706,13.53642895,-57.49602396
92.75,0.01540669,206.95326233,6.66708279,13.53924350,-57.50083239
92.80,0.01540669,206.95436096,6.66705227,13.53924350,-57.50083239
92.85,0.00945373,206.95545959,6.66702175,13.53934636,-57.49864632
92.90,0.00945373,206.95716095,6.66767740,13.53934636,-57.49864632
92.95,0.01020153,206.95886230,6.66833305,13.54091284,-57.49554970
93.00,0.01020153,206.95861816,6.66850066,13.54091284,-57.49554970
93.05,0.00697319,206.95837402,6.66866827,13.54121185,-57.49607306
93.10,0.00697319,206.96118164,6.66897321,13.54121185,-57.49607306
93.15,0.01293632,206.96398926,6.66927814,13.54226660,-57.49037787
93.20,0.01293632,206.95728302,6.66856170,13.54226660,-57.49037787
93.25,0.01702603,206.95057678,6.66784525,13.53975395,-57.50368796
93.30,0.01702603,206.94996643,6.66810441,13.53975395,-57.50368796
93.35,0.00921610,206.94935608,6.66836357,13.54018427,-57.50493676
93.40,0.00921610,206.95057678,6.66564965,13.54018427,-57.50493676
93.45,0.00693177,206.95179749,6.66293573,13.53494736,-57.50214944
93.50,0.00693177,206.95204163,6.66339302,13.53494736,-57.50214944
93.55,0.00648381,206.95228577,6.66385031,13.53592417,-57.50163313
93.60,0.00648381,206.95423889,6.66609168,13.53592417,-57.50163313
93.65,0.00555048,206.95619202,6.66833305,13.54069609,-57.49826766
93.70,0.00555048,206.95472717,6.66810441,13.54069609,-57.49826766
93.75,0.01016747,206.95326233,6.66787577,13.54002480,-57.50097396
93.80,0.01016747,206.95581818,6.66758609,13.54002480,-57.50097396
93.85,0.01362134,206.95837402,6.66729641,13.53983166,-57.49586708
93.90,0.01362134,206.95386505,6.66615272,13.53983166,-57.49586708
93.95,0.00671588,206.94935608,6.66500902,13.53682255,-57.50469602
94.00,0.00671588,206.95252991,6.66441441,13.53682255,-57.50469602
94.05,0.02421608,206.95570374,6.66381979,13.53615621,-57.49823689
94.10,0.02421608,206.95935822,6.66502428,13.53615621,-57.49823689
94.15,0.01713363,206.96301270,6.66622877,13.53917251,-57.49105265
94.20,0.01713363,206.96459961,6.66795182,13.53917251,-57.49105265
94.25,0.01938203,206.96618652,6.66967487,13.54284861,-57.48816440
94.30,0.01938203,206.96070099,6.66824150,13.54284861,-57.48816440
94.35,0.01305427,206.95521545,6.66680813,13.53909404,-57.49903073
94.40,0.01305427,206.95045471,6.66685390,13.53909404,-57.49903073
94.45,0.01473261,206.94569397,6.66689968,13.53843307,-57.50839248
94.50,0.01473261,206.95106506,6.66647291,13.53843307,-57.50839248
94.55,0.01377415,206.95643616,6.66604614,13.53844603,-57.49777040
94.60,0.01377415,206.95619202,6.66633582,13.53844603,-57.49777040
94.65,0.00522633,206.95594788,6.66662550,13.53897990,-57.49832253
94.70,0.00522633,206.95728302,6.67069650,13.53897990,-57.49832253
94.75,0.02188765,206.95861816,6.67476749,13.54730753,-57.49617892
94.80,0.02188765,206.95240021,6.67156553,13.54730753,-57.49617892
94.85,0.02676897,206.94618225,6.66836357,13.53994607,-57.50796492
94.90,0.02676897,206.94581604,6.66776896,13.53994607,-57.50796492
94.95,0.00296716,206.94544983,6.66717434,13.53868077,-57.50878917
95.00,0.00296716,206.94740295,6.66647291,13.53868077,-57.50878917
95.05,0.00635915,206.94935608,6.66577148,13.53760383,-57.50479962
95.10,0.00635915,206.94471741,6.66470432,13.53760383,-57.50479962
95.16,0.00462213,206.94007874,6.66363716,13.53472394,-57.51377457
95.20,0.00462213,206.94178772,6.66458249,13.53472394,-57.51377457
95.25,0.00743865,206.94349670,6.66552782,13.53689060,-57.51044380
95.30,0.00743865,206.94569397,6.66497874,13.53689060,-57.51044380
95.35,0.01348377,206.94789124,6.66442966,13.53614180,-57.50597322
95.40,0.01348377,206.94789124,6.66442966,13.53614180,-57.50597322
