0.00,0.02031748,18.64232635,6.93478966,-3.19841827,-245.12285627
0.05,0.01113589,18.64037418,6.93881488,-3.19095285,-245.12881880
0.10,0.01113589,18.63842201,6.94284010,-3.19095285,-245.12881880
0.15,0.01567093,18.64232540,6.93332601,-3.20938582,-245.12258252
0.20,0.01567093,18.64622879,6.92381191,-3.20938582,-245.12258252
0.25,0.01646243,18.66184139,6.92978883,-3.19458900,-245.09046939
0.30,0.01646243,18.67745399,6.93576574,-3.19458900,-245.09046939
0.36,0.02531714,18.65208340,6.93186235,-3.20684963,-245.14052795
0.40,0.02531714,18.62671280,6.92795897,-3.20684963,-245.14052795
0.45,0.00678372,18.63647079,6.93430185,-3.19234438,-245.11998655
0.50,0.00678372,18.64622879,6.94064474,-3.19234438,-245.11998655
0.55,0.00311052,18.65598679,6.95369601,-3.16479262,-245.10637153
0.60,0.00311052,18.66574478,6.96674728,-3.16479262,-245.10637153
0.65,0.03227997,18.65598679,6.95845294,-3.18319147,-245.12490403
0.70,0.03227997,18.64622879,6.95015860,-3.18319147,-245.12490403
0.75,0.01711530,18.63647079,6.94466972,-3.19544222,-245.13867976
0.80,0.01711530,18.62671280,6.93918085,-3.19544222,-245.13867976
0.85,0.01139372,18.63842201,6.94076657,-3.19031028,-245.11713688
0.90,0.01139372,18.65013123,6.94235229,-3.19031028,-245.11713688
0.95,0.02277481,18.65598679,6.94881701,-3.17653533,-245.10789255
1.00,0.02277481,18.66184235,6.95528173,-3.17653533,-245.10789255
1.05,0.02696842,18.65403557,6.95162249,-3.18517837,-245.12391861
1.10,0.02696842,18.64622879,6.94796324,-3.18517837,-245.12391861
1.15,0.02510945,18.66379356,6.93966889,-3.19857075,-245.08688490
1.20,0.02510945,18.68135834,6.93137455,-3.19857075,-245.08688490
1.25,0.00327574,18.66769695,6.93088651,-3.20187907,-245.11108659
1.30,0.00327574,18.65403557,6.93039846,-3.20187907,-245.11108659
1.35,0.00670521,18.66964817,6.93393588,-3.19210570,-245.08270206
1.40,0.00670521,18.68526077,6.93747330,-3.19210570,-245.08270206
1.45,0.00548766,18.66574478,6.92381191,-3.22306797,-245.12239415
1.50,0.00548766,18.64622879,6.91015053,-3.22306797,-245.12239415
1.55,0.01515133,18.65598679,6.91441965,-3.21274764,-245.10219493
1.60,0.01515133,18.66574478,6.91868877,-3.21274764,-245.10219493
1.65,0.03234317,18.67940617,6.92637324,-3.19490605,-245.07534224
1.70,0.03234317,18.69306755,6.93405771,-3.19490605,-245.07534224
1.75,0.02255562,18.68526077,6.93613148,-3.19207381,-245.09079471
1.80,0.02255562,18.67745399,6.93820524,-3.19207381,-245.09079471
1.85,0.00923118,18.65793800,6.93198442,-3.20793839,-245.12794399
1.90,0.00923118,18.63842201,6.92576361,-3.20793839,-245.12794399
1.95,0.01861438,18.65598679,6.94088864,-3.17488362,-245.09809278
2.00,0.01861438,18.67355156,6.95601368,-3.17488362,-245.09809278
2.05,0.00858502,18.66379356,6.95333004,-3.18193062,-245.11734394
2.10,0.00858502,18.65403557,6.95064640,-3.18193062,-245.11734394
2.15,0.00786741,18.66574478,6.95064640,-3.17965768,-245.09233202
2.20,0.00786741,18.67745399,6.95064640,-3.17965768,-245.09233202
2.25,0.01010910,18.67355061,6.95528150,-3.17110007,-245.10092768
2.30,0.01010910,18.66964722,6.95991659,-3.17110007,-245.10092768
2.35,0.02175742,18.66184139,6.94796300,-3.19648055,-245.11389227
2.40,0.02175742,18.65403557,6.93600941,-3.19648055,-245.11389227
2.45,0.02866416,18.65208340,6.93247223,-3.20370910,-245.11569791
2.50,0.02866416,18.65013123,6.92893505,-3.20370910,-245.11569791
2.55,0.01874316,18.65793800,6.93527770,-3.18940361,-245.09936504
2.60,0.01874316,18.66574478,6.94162035,-3.18940361,-245.09936504
2.65,0.00546476,18.65989017,6.95003676,-3.17438186,-245.11876377
2.70,0.00546476,18.65403557,6.95845318,-3.17438186,-245.11876377
2.75,0.01635239,18.65208340,6.94710946,-3.19701984,-245.11679374
2.80,0.01635239,18.65013123,6.93576574,-3.19701984,-245.11679374
2.85,0.01863086,18.66379261,6.94052267,-3.18525021,-245.09362719
2.90,0.01863086,18.67745399,6.94527960,-3.18525021,-245.09362719
2.95,0.00628401,18.67745399,6.94576740,-3.18414686,-245.09305473
3.00,0.00628401,18.67745399,6.94625521,-3.18414686,-245.09305473
3.05,0.00554258,18.66769600,6.93405771,-3.21018533,-245.11040573
3.10,0.00554258,18.65793800,6.92186022,-3.21018533,-245.11040573
3.15,0.00990166,18.65013218,6.92210412,-3.21095117,-245.12430208
3.20,0.00990166,18.64232635,6.92234802,-3.21095117,-245.12430208
3.25,0.03331493,18.65403557,6.93210626,-3.18924353,-245.10036679
3.30,0.03331493,18.66574478,6.94186449,-3.18924353,-245.10036679
3.36,0.02462014,18.67940617,6.95064664,-3.16940487,-245.07671391
3.40,0.02462014,18.69306755,6.95942879,-3.16940487,-245.07671391
3.45,0.01040787,18.69697094,6.96113634,-3.16539355,-245.06830838
3.50,0.01040787,18.70087433,6.96284389,-3.16539355,-245.06830838
3.56,0.03661555,18.69306755,6.96503949,-3.16252278,-245.08628956
3.60,0.03661555,18.68526077,6.96723509,-3.16252278,-245.08628956
3.65,0.01086833,18.68526077,6.95906281,-3.17895345,-245.08546973
3.70,0.01086833,18.68526077,6.95089054,-3.17895345,-245.08546973
3.75,0.01152526,18.67745399,6.94784117,-3.18605260,-245.09605200
3.80,0.01152526,18.66964722,6.94479179,-3.18605260,-245.09605200
3.85,0.01437734,18.66574478,6.94430375,-3.18776846,-245.10391559
3.90,0.01437734,18.66184235,6.94381571,-3.18776846,-245.10391559
3.95,0.01575706,18.66769695,6.94698715,-3.18068029,-245.09683775
4.00,0.01575706,18.67355156,6.95015860,-3.18068029,-245.09683775
4.05,0.02823593,18.67745495,6.96052647,-3.15915811,-245.09062590
4.10,0.02823593,18.68135834,6.97089434,-3.15915811,-245.09062590
4.15,0.01328531,18.68330956,6.95857477,-3.18369537,-245.08666803
4.20,0.01328531,18.68526077,6.94625521,-3.18369537,-245.08666803
4.25,0.01515360,18.67159939,6.94076633,-3.19660898,-245.10771267
4.30,0.01515360,18.65793800,6.93527746,-3.19660898,-245.10771267
4.35,0.01462189,18.67159939,6.94418168,-3.17653594,-245.08431401
4.40,0.01462189,18.68526077,6.95308590,-3.17653594,-245.08431401
4.45,0.01410129,18.67355156,6.92881298,-3.22737149,-245.10646302
4.50,0.01410129,18.66184235,6.90454006,-3.22737149,-245.10646302
4.55,0.00657690,18.64037418,6.90283227,-3.23419582,-245.14561331
4.60,0.00657690,18.61890602,6.90112448,-3.23419582,-245.14561331
4.65,0.00913752,18.65793800,6.91929889,-3.19092545,-245.06860175
4.70,0.00913752,18.69696999,6.93747330,-3.19092545,-245.06860175
4.75,0.01409870,18.66574478,6.92564154,-3.22059695,-245.13394955
4.80,0.01409870,18.63451958,6.91380978,-3.22059695,-245.13394955
4.85,0.01681745,18.66769695,6.92820287,-3.18572984,-245.06957187
4.90,0.01681745,18.70087433,6.94259596,-3.18572984,-245.06957187
4.95,0.01180986,18.68330956,6.93991256,-3.19390554,-245.09922925
5.00,0.01180986,18.66574478,6.93722916,-3.19390554,-245.09922925
5.05,0.01229084,18.67550278,6.93430185,-3.19830985,-245.08286369
5.10,0.01229084,18.68526077,6.93137455,-3.19830985,-245.08286369
5.15,0.02198749,18.68721294,6.94357204,-3.17345697,-245.07962454
5.20,0.02198749,18.68916512,6.95576954,-3.17345697,-245.07962454
5.25,0.00630893,18.66964817,6.95564747,-3.17735814,-245.11902509
5.30,0.00630893,18.65013123,6.95552540,-3.17735814,-245.11902509
5.35,0.00741025,18.66379261,6.95637941,-3.17329245,-245.09351842
5.40,0.00741025,18.67745399,6.95723343,-3.17329245,-245.09351842
5.45,0.01257416,18.67550278,6.96589351,-3.15622639,-245.09888051
5.50,0.01257416,18.67355156,6.97455359,-3.15622639,-245.09888051
5.55,0.01390380,18.66769695,6.95808697,-3.19000826,-245.10662038
5.60,0.01390380,18.66184235,6.94162035,-3.19000826,-245.10662038
5.65,0.00120824,18.67745495,6.96321011,-3.14412063,-245.07776540
5.70,0.00120824,18.69306755,6.98479986,-3.14412063,-245.07776540
5.75,0.00137428,18.69501877,6.97467589,-3.16400889,-245.07223423
5.80,0.00137428,18.69696999,6.96455193,-3.16400889,-245.07223423
5.85,0.01039159,18.68721199,6.95296407,-3.18896510,-245.09097153
5.91,0.01039159,18.67745399,6.94137621,-3.18896510,-245.09097153
5.95,0.01746067,18.67159939,6.95674515,-3.15914289,-245.10378742
6.00,0.01746067,18.66574478,6.97211409,-3.15914289,-245.10378742
6.05,0.02997312,18.66964817,6.96894288,-3.16502387,-245.09877356
6.10,0.02997312,18.67355156,6.96577168,-3.16502387,-245.09877356
6.15,0.00521251,18.66379356,6.97016263,-3.15780746,-245.11597362
6.20,0.00521251,18.65403557,6.97455359,-3.15780746,-245.11597362
6.25,0.00627335,18.67940617,6.97016263,-3.16210290,-245.06548425
6.30,0.00627335,18.70477676,6.96577168,-3.16210290,-245.06548425
6.35,0.01467134,18.68526077,6.96796703,-3.16156328,-245.10687400
6.40,0.01467134,18.66574478,6.97016239,-3.16156328,-245.10687400
6.45,0.00992297,18.66184139,6.96418571,-3.17394429,-245.11322138
6.50,0.00992297,18.65793800,6.95820904,-3.17394429,-245.11322138
6.55,0.02561424,18.66964817,6.97382188,-3.14088351,-245.09248512
6.60,0.02561424,18.68135834,6.98943472,-3.14088351,-245.09248512
6.65,0.01084768,18.65989017,6.97223616,-3.17905059,-245.13280575
6.70,0.01084768,18.63842201,6.95503759,-3.17905059,-245.13280575
6.75,0.01084768,18.65989017,6.96467376,-3.17905059,-245.13280575
6.80,0.00446527,18.68135834,6.97430992,-3.15565882,-245.08924969
6.85,0.00402254,18.66964817,6.96430779,-3.17797302,-245.11218191
6.90,0.00402254,18.65793800,6.95430565,-3.17797302,-245.11218191
6.95,0.00362342,18.66769600,6.95918465,-3.16636272,-245.09191067
7.00,0.00362342,18.67745399,6.96406364,-3.16636272,-245.09191067
7.05,0.00530231,18.68526077,6.97382188,-3.14530015,-245.07680787
7.10,0.00530231,18.69306755,6.98358011,-3.14530015,-245.07680787
7.15,0.01698960,18.68526077,6.98321414,-3.14760225,-245.09344439
7.20,0.01698960,18.67745399,6.98284817,-3.14760225,-245.09344439
7.25,0.00582300,18.69111538,6.97565150,-3.15938538,-245.06414723
7.30,0.00582300,18.70477676,6.96845484,-3.15938538,-245.06414723
7.35,0.01541387,18.68135738,6.97028446,-3.16006730,-245.11284327
7.40,0.01541387,18.65793800,6.97211409,-3.16006730,-245.11284327
7.45,0.00150052,18.66184139,6.95845294,-3.18655099,-245.10250035
7.50,0.00150052,18.66574478,6.94479179,-3.18655099,-245.10250035
7.55,0.01299795,18.65013218,6.95333004,-3.17265728,-245.13738630
7.60,0.01299795,18.63451958,6.96186829,-3.17265728,-245.13738630
7.65,0.02346612,18.66964817,6.97992063,-3.13027400,-245.07022460
7.70,0.02346612,18.70477676,6.99797297,-3.13027400,-245.07022460
7.75,0.03269859,18.67355156,6.97577357,-3.18006014,-245.12752964
7.80,0.03269859,18.64232635,6.95357418,-3.18006014,-245.12752964
7.85,0.01737540,18.64818096,6.95991683,-3.16637956,-245.11869146
7.90,0.01737540,18.65403557,6.96625948,-3.16637956,-245.11869146
7.95,0.01755959,18.65989017,6.96503973,-3.16774619,-245.10630993
8.00,0.01755959,18.66574478,6.96381998,-3.16774619,-245.10630993
8.05,0.00288002,18.67550278,6.97187042,-3.14982229,-245.08732356
8.10,0.00288002,18.68526077,6.97992086,-3.14982229,-245.08732356
8.15,0.00498395,18.67940617,6.97406602,-3.16240605,-245.09526224
8.20,0.00498395,18.67355156,6.96821117,-3.16240605,-245.09526224
8.26,0.01252142,18.65598679,6.96662545,-3.16873804,-245.13151614
8.30,0.01252142,18.63842201,6.96503973,-3.16873804,-245.13151614
8.35,0.01166700,18.64427662,6.95637941,-3.18527636,-245.11977200
8.40,0.01166700,18.65013123,6.94771910,-3.18527636,-245.11977200
8.45,0.01907119,18.64622879,6.94503570,-3.19094208,-245.12395666
8.50,0.01907119,18.64232635,6.94235229,-3.19094208,-245.12395666
8.55,0.01357194,18.66769695,6.95576954,-3.15984268,-245.07825553
8.60,0.01357194,18.69306755,6.96918678,-3.15984268,-245.07825553
8.65,0.01487271,18.68526077,6.97540760,-3.14859691,-245.09253555
8.70,0.01487271,18.67745399,6.98162842,-3.14859691,-245.09253555
8.75,0.00658096,18.66769600,6.95894098,-3.19584259,-245.11003776
8.80,0.00658096,18.65793800,6.93625355,-3.19584259,-245.11003776
8.85,0.01648296,18.65403461,6.94930482,-3.17048962,-245.11958609
8.90,0.01648296,18.65013123,6.96235609,-3.17048962,-245.11958609
8.95,0.00852278,18.64622879,6.96247816,-3.17081318,-245.12736083
9.00,0.00852278,18.64232635,6.96260023,-3.17081318,-245.12736083
9.05,0.00206671,18.66964817,6.98089647,-3.12966475,-245.07849386
9.10,0.00206671,18.69696999,6.99919271,-3.12966475,-245.07849386
9.15,0.02124445,18.67355061,6.98138428,-3.16910623,-245.11937922
9.20,0.02124445,18.65013123,6.96357584,-3.16910623,-245.11937922
9.25,0.01989682,18.66574478,6.98297000,-3.12801713,-245.09327354
9.30,0.01989682,18.68135834,7.00236416,-3.12801713,-245.09327354
9.35,0.01402600,18.68330956,6.99711919,-3.13810211,-245.08944779
9.40,0.01402600,18.68526077,6.99187422,-3.13810211,-245.08944779
9.45,0.00556615,18.68330956,6.99370384,-3.13506121,-245.09522417
9.50,0.00556615,18.68135834,6.99553347,-3.13506121,-245.09522417
9.55,0.02266932,18.68526173,6.98418975,-3.15622677,-245.07959929
9.60,0.02266932,18.68916512,6.97284603,-3.15622677,-245.07959929
9.65,0.01037809,18.66379356,6.95296407,-3.20050740,-245.12774800
9.70,0.01037809,18.63842201,6.93308210,-3.20050740,-245.12774800
9.76,0.01149333,18.65208340,6.94027853,-3.18404266,-245.10378954
9.80,0.01149333,18.66574478,6.94747496,-3.18404266,-245.10378954
9.85,0.00679496,18.68330956,6.94991446,-3.17595002,-245.07013553
9.90,0.00679496,18.70087433,6.95235395,-3.17595002,-245.07013553
9.95,0.00509287,18.69892216,6.97162628,-3.13803830,-245.07787331
10.00,0.00509287,18.69696999,6.99089861,-3.13803830,-245.07787331
10.06,0.01097200,18.69892216,6.97906685,-3.16091071,-245.06854917
10.10,0.01097200,18.70087433,6.96723509,-3.16091071,-245.06854917
10.15,0.01458270,18.68330956,6.96503949,-3.16881097,-245.10673553
10.20,0.01458270,18.66574478,6.96284389,-3.16881097,-245.10673553
10.25,0.00387691,18.66574478,6.96089244,-3.17277501,-245.10632092
10.30,0.00387691,18.66574478,6.95894098,-3.17277501,-245.10632092
10.35,0.00939942,18.67355156,6.95711136,-3.17504981,-245.09070235
10.40,0.00939942,18.68135834,6.95528173,-3.17504981,-245.09070235
10.45,0.01801299,18.69697094,6.97430992,-3.13399621,-245.06079243
10.50,0.01801299,18.71258354,6.99333811,-3.13399621,-245.06079243
10.55,0.00558045,18.71453476,6.99382591,-3.13279461,-245.05723606
10.60,0.00558045,18.71648598,6.99431372,-3.13279461,-245.05723606
10.65,0.00609412,18.70672798,6.97211409,-3.17896010,-245.07513404
10.70,0.00609412,18.69696999,6.94991446,-3.17896010,-245.07513404
10.75,0.01519155,18.69696999,6.96979666,-3.13944567,-245.07869986
10.80,0.01519155,18.69696999,6.98967886,-3.13944567,-245.07869986
10.85,0.00731961,18.70282555,6.98101854,-3.15534288,-245.06304538
10.90,0.00731961,18.70868111,6.97235823,-3.15534288,-245.06304538
10.95,0.01261445,18.71063232,6.96223426,-3.17523057,-245.05918499
11.00,0.01261445,18.71258354,6.95211029,-3.17523057,-245.05918499
11.05,0.01949266,18.69697094,6.96760106,-3.14691531,-245.09038807
11.10,0.01949266,18.68135834,6.98309183,-3.14691531,-245.09038807
11.15,0.01461780,18.68330956,6.97650528,-3.15970995,-245.08501686
11.20,0.01461780,18.68526077,6.96991873,-3.15970995,-245.08501686
11.25,0.01144790,18.68330956,6.95430589,-3.19125295,-245.08567274
11.30,0.01144790,18.68135834,6.93869305,-3.19125295,-245.08567274
11.35,0.01807409,18.68916416,6.94881701,-3.16983434,-245.07479596
11.40,0.01807409,18.69696999,6.95894098,-3.16983434,-245.07479596
11.45,0.00708430,18.70282555,6.96625948,-3.15384125,-245.06024755
11.50,0.00708430,18.70868111,6.97357798,-3.15384125,-245.06024755
11.55,0.01256377,18.70282555,6.97613955,-3.14995835,-245.07340267
11.60,0.01256377,18.69696999,6.97870111,-3.14995835,-245.07340267
11.65,0.01587067,18.70282555,6.97504163,-3.15600096,-245.06105283
11.70,0.01587067,18.70868111,6.97138214,-3.15600096,-245.06105283
11.75,0.02229171,18.70477772,6.95723319,-3.18531016,-245.06861625
11.80,0.02229171,18.70087433,6.94308424,-3.18531016,-245.06861625
11.85,0.00796363,18.70672894,6.96333218,-3.14351423,-245.05829418
11.90,0.00796363,18.71258354,6.98358011,-3.14351423,-245.05829418
11.95,0.01557298,18.69892216,6.97284627,-3.16778651,-245.08698324
12.00,0.01557298,18.68526077,6.96211243,-3.16778651,-245.08698324
12.05,0.01212984,18.69306755,6.96479583,-3.16094645,-245.07054075
12.10,0.01212984,18.70087433,6.96747923,-3.16094645,-245.07054075
12.15,0.00754424,18.69892216,6.96491766,-3.16638991,-245.07393432
12.20,0.00754424,18.69696999,6.96235609,-3.16638991,-245.07393432
12.25,0.01404142,18.68135738,6.95113444,-3.19106457,-245.09929931
12.30,0.01404142,18.66574478,6.93991280,-3.19106457,-245.09929931
12.35,0.00558771,18.68135738,6.95162249,-3.16558933,-245.07519687
12.40,0.00558771,18.69696999,6.96333218,-3.16558933,-245.07519687
12.45,0.01710514,18.69111538,6.97796917,-3.13752887,-245.09111625
12.50,0.01710514,18.68526077,6.99260616,-3.13752887,-245.09111625
12.55,0.01097250,18.68526077,6.98175025,-3.15889311,-245.08734634
12.60,0.01097250,18.68526077,6.97089434,-3.15889311,-245.08734634
12.65,0.04736499,18.67940617,6.97394371,-3.15369426,-245.09611367
12.70,0.04736499,18.67355156,6.97699308,-3.15369426,-245.09611367
12.75,0.00847035,18.67355156,6.96930861,-3.16919186,-245.09699907
12.80,0.00847035,18.67355156,6.96162415,-3.16919186,-245.09699907
12.85,0.02494991,18.66964817,6.96259999,-3.16807253,-245.10661923
12.90,0.02494991,18.66574478,6.96357584,-3.16807253,-245.10661923
12.95,0.01354751,18.66184139,6.95393991,-3.18756744,-245.10788006
13.00,0.01354751,18.65793800,6.94430399,-3.18756744,-245.10788006
13.05,0.01760077,18.65598679,6.94308424,-3.19033764,-245.11204089
13.10,0.01760077,18.65403557,6.94186449,-3.19033764,-245.11204089
13.15,0.00546034,18.67355156,6.96467376,-3.14193348,-245.08339593
13.20,0.00546034,18.69306755,6.98748302,-3.14193348,-245.08339593
13.25,0.02424830,18.67550278,6.96638131,-3.18651691,-245.10834499
13.30,0.02424830,18.65793800,6.94527960,-3.18651691,-245.10834499
13.35,0.01244528,18.66379261,6.94040060,-3.19538509,-245.09841629
13.40,0.01244528,18.66964722,6.93552160,-3.19538509,-245.09841629
13.45,0.01201127,18.67745399,6.95454979,-3.15610301,-245.08533706
13.50,0.01201127,18.68526077,6.97357798,-3.15610301,-245.08533706
13.55,0.00879915,18.69697094,6.97089458,-3.15963107,-245.06365804
13.60,0.00879915,18.70868111,6.96821117,-3.15963107,-245.06365804
13.65,0.04082378,18.68526173,6.96979666,-3.16057752,-245.10997116
13.70,0.04082378,18.66184235,6.97138214,-3.16057752,-245.10997116
13.75,0.01323725,18.66574478,6.97796893,-3.14640437,-245.10070793
13.80,0.01323725,18.66964722,6.98455572,-3.14640437,-245.10070793
13.85,0.02701701,18.67745399,6.96564960,-3.18316302,-245.08696893
13.90,0.02701701,18.68526077,6.94674349,-3.18316302,-245.08696893
13.95,0.06842614,18.69306755,6.96284413,-3.14930013,-245.07019801
14.00,0.06842614,18.70087433,6.97894478,-3.14930013,-245.07019801
14.05,0.06809581,18.69501972,6.98516560,-3.13823288,-245.08514932
14.10,0.06809581,18.68916512,6.99138641,-3.13823288,-245.08514932
14.16,0.04573996,18.69111633,6.98528767,-3.14973155,-245.07825019
14.20,0.04573996,18.69306755,6.97918892,-3.14973155,-245.07825019
14.25,0.03457863,18.69111633,6.97406578,-3.16059254,-245.08335952
14.30,0.03457863,18.68916512,6.96894264,-3.16059254,-245.08335952
14.35,0.00512567,18.67745495,6.96674728,-3.16687457,-245.10510939
14.40,0.00512567,18.66574478,6.96455193,-3.16687457,-245.10510939
14.45,0.04171646,18.67159939,6.96784520,-3.15940619,-245.09405108
14.50,0.04171646,18.67745399,6.97113848,-3.15940619,-245.09405108
14.55,0.05787230,18.69111538,6.98980069,-3.11975108,-245.07158065
14.60,0.05787230,18.70477676,7.00846291,-3.11975108,-245.07158065
14.65,0.09976151,18.69306755,6.99260616,-3.15342981,-245.09090541
14.70,0.09976151,18.68135834,6.97674942,-3.15342981,-245.09090541
14.75,0.11215797,18.69501972,6.99370384,-3.11690344,-245.06442505
14.80,0.11215797,18.70868111,7.01065826,-3.11690344,-245.06442505
14.85,0.14433379,18.72039032,7.01114631,-3.11414750,-245.04407472
14.90,0.14433379,18.73209953,7.01163435,-3.11414750,-245.04407472
14.95,0.17058644,18.70672894,6.98943472,-3.16299463,-245.09026610
15.00,0.17058644,18.68135834,6.96723509,-3.16299463,-245.09026610
15.05,0.20119096,18.68330956,6.96833301,-3.16017470,-245.08361057
15.10,0.20119096,18.68526077,6.96943092,-3.16017470,-245.08361057
15.15,0.22311303,18.71453476,7.01565957,-3.06290332,-245.03584771
15.20,0.22311303,18.74380875,7.06188822,-3.06290332,-245.03584771
15.25,0.26528090,18.75551891,7.04334784,-3.09772550,-245.00972927
15.30,0.26528090,18.76722908,7.02480745,-3.09772550,-245.00972927
15.35,0.30202686,18.76137352,7.04139614,-3.06575424,-245.02255463
15.40,0.30202686,18.75551796,7.05798483,-3.06575424,-245.02255463
15.45,0.34633521,18.71648598,7.00736499,-3.17390888,-245.09465637
15.50,0.34633521,18.67745399,6.95674515,-3.17390888,-245.09465637
15.55,0.37429275,18.72038937,7.00968266,-3.06052030,-245.01603362
15.60,0.37429275,18.76332474,7.06262016,-3.06052030,-245.01603362
15.65,0.53598479,18.79455090,7.08335590,-3.01331587,-244.95533184
15.70,0.53598479,18.82577705,7.10409164,-3.01331587,-244.95533184
15.75,0.49733405,18.85114765,7.10506749,-3.00701641,-244.90760050
15.80,0.49733405,18.87651825,7.10604334,-3.00701641,-244.90760050
15.85,0.22895134,18.81797028,7.10409164,-3.02142402,-245.02350947
15.90,0.22895134,18.75942230,7.10213995,-3.02142402,-245.02350947
15.95,0.22439070,18.73795414,7.08921051,-3.05132621,-245.06588768
16.00,0.22439070,18.71648598,7.07628107,-3.05132621,-245.06588768
16.05,0.18144379,18.69696999,7.05530143,-3.09642164,-245.09980456
16.10,0.18144379,18.67745399,7.03432178,-3.09642164,-245.09980456
16.15,0.19412541,18.69892216,7.04615331,-3.06892171,-245.05791221
16.20,0.19412541,18.72039032,7.05798483,-3.06892171,-245.05791221
16.25,0.39341356,18.77308369,7.10653114,-2.96302000,-244.96413749
16.30,0.39341356,18.82577705,7.15507746,-2.96302000,-244.96413749
16.35,0.23542139,18.82968044,7.13592720,-3.00043103,-244.95369620
16.40,0.23542139,18.83358383,7.11677694,-3.00043103,-244.95369620
16.45,0.30482212,18.84919643,7.13556123,-2.96007588,-244.92457894
16.50,0.30482212,18.86480904,7.15434551,-2.96007588,-244.92457894
16.65,0.19266516,18.80626106,7.10762882,-3.06346017,-245.03117707
16.70,0.19266516,18.74771309,7.06091213,-3.06346017,-245.03117707
16.75,0.22405767,18.78089046,7.08969831,-3.00032702,-244.97185093
16.80,0.22405767,18.81406784,7.11848450,-3.00032702,-244.97185093
16.85,0.24568328,18.79650307,7.04749489,-3.14459690,-244.99065279
16.90,0.24568328,18.77893829,6.97650528,-3.14459690,-244.99065279
16.95,0.24789926,18.80430889,7.00809693,-3.07721150,-244.94661747
17.00,0.24789926,18.82967949,7.03968859,-3.07721150,-244.94661747
17.15,0.23366918,18.78869629,7.00687718,-3.15008502,-245.02326712
17.20,0.23366918,18.74771309,6.97406578,-3.15008502,-245.02326712
17.25,0.22993129,18.75747108,6.98150635,-3.13378744,-245.00783697
17.30,0.22993129,18.76722908,6.98894691,-3.13378744,-245.00783697
17.35,0.24637747,18.78284168,6.98162842,-3.14519171,-244.97264596
17.40,0.24637747,18.79845428,6.97430992,-3.14519171,-244.97264596
17.45,0.18674250,18.76722813,6.97967672,-3.14050647,-245.03944714
17.50,0.18674250,18.73600197,6.98504353,-3.14050647,-245.03944714
17.55,0.18459198,18.73600197,6.98040843,-3.14944824,-245.03625254
17.60,0.18459198,18.73600197,6.97577333,-3.14944824,-245.03625254
17.65,0.17643532,18.74380875,6.98479962,-3.13031387,-245.02424782
17.70,0.17643532,18.75161552,6.99382591,-3.13031387,-245.02424782
17.75,0.16346503,18.74771214,6.96735716,-3.18347592,-245.02558112
17.80,0.16346503,18.74380875,6.94088840,-3.18347592,-245.02558112
17.85,0.11449555,18.71453476,6.92856884,-3.21318231,-245.08083445
17.90,0.11449555,18.68526077,6.91624928,-3.21318231,-245.08083445
17.95,0.09553456,18.70087337,6.91905475,-3.20493256,-245.05206272
18.00,0.09553456,18.71648598,6.92186022,-3.20493256,-245.05206272
18.05,0.09234022,18.69892216,6.92808104,-3.19543357,-245.08445118
18.10,0.09234022,18.68135834,6.93430185,-3.19543357,-245.08445118
18.15,0.09164493,18.74576092,7.00785303,-3.03752495,-244.96998250
18.20,0.09164493,18.81016350,7.08140421,-3.03752495,-244.96998250
18.25,0.16877909,18.75551891,7.03078437,-3.14808855,-245.07107480
18.30,0.16877909,18.70087433,6.98016453,-3.14808855,-245.07107480
18.35,0.19191013,18.68135834,6.96320987,-3.18546768,-245.10751902
18.40,0.19191013,18.66184235,6.94625521,-3.18546768,-245.10751902
18.45,0.10404839,18.71843815,6.96625924,-3.13536421,-244.99743268
18.50,0.10404839,18.77503395,6.98626328,-3.13536421,-244.99743268
18.55,0.13230961,18.71258259,6.96125841,-3.19658972,-245.11791806
18.60,0.13230961,18.65013123,6.93625355,-3.19658972,-245.11791806
18.65,0.12216679,18.68916416,6.93393588,-3.19400395,-245.03903808
18.70,0.12216679,18.72819710,6.93161821,-3.19400395,-245.03903808
18.75,0.14731796,18.73795509,6.94003463,-3.17591336,-245.02427161
18.80,0.14731796,18.74771309,6.94845104,-3.17591336,-245.02427161
18.85,0.10872851,18.72624493,6.95369601,-3.16911449,-245.06566855
18.90,0.10872851,18.70477676,6.95894098,-3.16911449,-245.06566855
18.95,0.09438368,18.74576092,6.97199225,-3.13582346,-244.98714669
19.00,0.09438368,18.78674507,6.98504353,-3.13582346,-244.98714669
19.05,0.10417790,18.79650307,6.99833894,-3.10731940,-244.96919524
19.10,0.10417790,18.80626106,7.01163435,-3.10731940,-244.96919524
19.15,0.11474754,18.74185753,6.99638748,-3.14907811,-245.09149328
19.20,0.11474754,18.67745399,6.98114061,-3.14907811,-245.09149328
19.25,0.11976948,18.70868015,6.96540570,-3.17532966,-245.03170371
19.30,0.11976948,18.73990631,6.94967079,-3.17532966,-245.03170371
19.35,0.12877342,18.73014832,6.95076847,-3.17459161,-245.04890650
19.40,0.12877342,18.72039032,6.95186615,-3.17459161,-245.04890650
19.45,0.11213280,18.71843815,6.94174218,-3.19502926,-245.04874685
19.50,0.11213280,18.71648598,6.93161821,-3.19502926,-245.04874685
19.55,0.11474493,18.74966335,6.95515966,-3.14243367,-244.99003140
19.60,0.11474493,18.78284073,6.97870111,-3.14243367,-244.99003140
19.65,0.11028318,18.79259872,6.97979879,-3.13856717,-244.97362721
19.70,0.11028318,18.80235672,6.98089647,-3.13856717,-244.97362721
19.75,0.12081146,18.76137352,6.97699332,-3.15335937,-245.04916844
19.80,0.12081146,18.72039032,6.97309017,-3.15335937,-245.04916844
19.85,0.09334544,18.73209953,6.95759916,-3.18252940,-245.02761915
19.90,0.09334544,18.74380875,6.94210815,-3.18252940,-245.02761915
19.95,0.08433773,18.76137352,6.95625734,-3.15079179,-244.99249060
20.00,0.08433773,18.77893829,6.97040653,-3.15079179,-244.99249060
20.05,0.09618222,18.77698612,6.94576740,-3.20037016,-244.99109866
20.10,0.09618222,18.77503395,6.92112827,-3.20037016,-244.99109866
20.15,0.11372889,18.77113152,6.89673328,-3.24979947,-244.99635336
20.20,0.11372889,18.76722908,6.87233829,-3.24979947,-244.99635336
20.25,0.15346028,18.68526173,6.84269834,-3.32312983,-245.15040944
20.30,0.15346028,18.60329437,6.81305838,-3.32312983,-245.15040944
20.35,0.26667751,18.66769695,6.84745550,-3.24318695,-245.02971616
20.40,0.26667751,18.73209953,6.88185263,-3.24318695,-245.02971616
20.45,0.26822285,18.75161552,6.93381405,-3.13633442,-245.00170668
20.50,0.26822285,18.77113152,6.98577547,-3.13633442,-245.00170668
20.55,0.22114384,18.71258354,6.91673732,-3.28416906,-245.10384467
20.60,0.22114384,18.65403557,6.84769917,-3.28416906,-245.10384467
20.65,0.19109412,18.69501877,6.87770510,-3.21724736,-245.03051198
20.70,0.19109412,18.73600197,6.90771103,-3.21724736,-245.03051198
20.75,0.17919763,18.73795414,6.89697719,-3.23816241,-245.02340479
20.80,0.17919763,18.73990631,6.88624334,-3.23816241,-245.02340479
20.85,0.13074359,18.72624493,6.87221622,-3.26900570,-245.05202229
20.90,0.13074359,18.71258354,6.85818911,-3.26900570,-245.05202229
20.95,0.07197938,18.70672894,6.85270023,-3.28048872,-245.05839821
21.00,0.07197938,18.70087433,6.84721136,-3.28048872,-245.05839821
21.05,0.06484562,18.70868015,6.86526370,-3.24303155,-245.04491030
21.10,0.06484562,18.71648598,6.88331604,-3.24303155,-245.04491030
21.15,0.05452923,18.74771214,6.88160849,-3.24109794,-244.98473001
21.20,0.05452923,18.77893829,6.87990093,-3.24109794,-244.98473001
21.25,0.05700578,18.79650307,6.87526584,-3.24712863,-244.94882827
21.30,0.05700578,18.81406784,6.87063074,-3.24712863,-244.94882827
21.35,0.07891031,18.76527691,6.88429189,-3.22894049,-245.04997228
21.40,0.07891031,18.71648598,6.89795303,-3.22894049,-245.04997228
21.45,0.05159920,18.72819614,6.89673328,-3.22910351,-245.02551166
21.50,0.05159920,18.73990631,6.89551353,-3.22910351,-245.02551166
21.55,0.09628353,18.78869629,6.88770723,-3.23580267,-244.92584886
21.60,0.09628353,18.83748627,6.87990093,-3.23580267,-244.92584886
21.65,0.08376841,18.83553505,6.90600371,-3.18452936,-244.93749539
21.70,0.08376841,18.83358383,6.93210649,-3.18452936,-244.93749539
21.75,0.06376071,18.86480904,6.92064071,-3.20139204,-244.86974067
21.80,0.06376071,18.89603424,6.90917492,-3.20139204,-244.86974067
21.85,0.05553844,18.86090565,6.89307404,-3.23956878,-244.93619231
21.90,0.05553844,18.82577705,6.87697315,-3.23956878,-244.93619231
21.95,0.10716278,18.83553505,6.86148238,-3.26901667,-244.91606776
22.00,0.10716278,18.84529305,6.84599161,-3.26901667,-244.91606776
22.05,0.16131249,18.84334087,6.85038280,-3.26040907,-244.92037594
22.10,0.16131249,18.84138870,6.85477400,-3.26040907,-244.92037594
22.15,0.25140411,18.85505009,6.86880112,-3.23015311,-244.89527571
22.20,0.25140411,18.86871147,6.88282824,-3.23015311,-244.89527571
22.25,0.11982057,18.90188885,6.89990473,-3.19000357,-244.83085767
22.30,0.11982057,18.93506622,6.91698122,-3.19000357,-244.83085767
22.35,0.07565893,18.87066364,6.89258623,-3.25023272,-244.95557549
22.40,0.07565893,18.80626106,6.86819124,-3.25023272,-244.95557549
22.45,0.09331612,18.81601906,6.86209249,-3.26064624,-244.93495273
22.50,0.09331612,18.82577705,6.85599375,-3.26064624,-244.93495273
22.55,0.06739163,18.80235767,6.85843325,-3.26006302,-244.98212512
22.60,0.06739163,18.77893829,6.86087275,-3.26006302,-244.98212512
22.65,0.10695256,18.79064751,6.85111475,-3.27718461,-244.95611157
22.70,0.10695256,18.80235672,6.84135675,-3.27718461,-244.95611157
22.75,0.01719604,18.79455090,6.84355211,-3.27432193,-244.97255711
22.80,0.01719604,18.78674507,6.84574747,-3.27432193,-244.97255711
22.85,0.13961234,18.82772827,6.82769513,-3.30331358,-244.89121336
22.90,0.13961234,18.86871147,6.80964279,-3.30331358,-244.89121336
22.95,0.21477606,18.89993763,6.83184242,-3.25330186,-244.83123610
23.00,0.21477606,18.93116379,6.85404205,-3.25330186,-244.83123610
23.05,0.24898958,18.87066364,6.84440589,-3.28305481,-244.94696482
23.10,0.24898958,18.81016350,6.83476973,-3.28305481,-244.94696482
23.15,0.15647881,18.82187366,6.81598568,-3.31819182,-244.91962569
23.20,0.15647881,18.83358383,6.79720163,-3.31819182,-244.91962569
23.25,0.24882876,18.82187366,6.77914929,-3.35694936,-244.94604730
23.30,0.24882876,18.81016350,6.76109695,-3.35694936,-244.94604730
23.35,0.10428923,18.81211567,6.77866125,-3.32112580,-244.94027785
23.40,0.10428923,18.81406784,6.79622555,-3.32112580,-244.94027785
23.45,0.11845277,18.82187366,6.77780724,-3.35681335,-244.92503803
23.50,0.11845277,18.82967949,6.75938892,-3.35681335,-244.92503803
23.55,0.15148433,18.81797028,6.79610372,-3.28525690,-244.95055203
23.60,0.15148433,18.80626106,6.83281851,-3.28525690,-244.95055203
23.65,0.13219942,18.84334183,6.82110882,-3.30240906,-244.87892967
23.70,0.13219942,18.88042259,6.80939913,-3.30240906,-244.87892967
23.75,0.12592017,18.88237381,6.77402616,-3.37233696,-244.86721156
23.80,0.12592017,18.88432503,6.73865318,-3.37233696,-244.86721156
23.85,0.09738208,18.88042164,6.74865532,-3.35310212,-244.87582580
23.90,0.09738208,18.87651825,6.75865746,-3.35310212,-244.87582580
23.95,0.10030680,18.86871147,6.75414419,-3.36320619,-244.88909220
24.00,0.10030680,18.86090469,6.74963093,-3.36320619,-244.88909220
24.05,0.04202796,18.86480808,6.75011897,-3.36142234,-244.88087480
24.10,0.04202796,18.86871147,6.75060701,-3.36142234,-244.88087480
24.15,0.06875730,18.87261486,6.74231267,-3.37755613,-244.87483528
24.20,0.06875730,18.87651825,6.73401833,-3.37755613,-244.87483528
24.25,0.04215688,18.87651825,6.74572802,-3.35457460,-244.87873594
24.30,0.04215688,18.87651825,6.75743771,-3.35457460,-244.87873594
24.35,0.06417221,18.88237286,6.74755764,-3.37279869,-244.86306247
24.40,0.06417221,18.88822746,6.73767757,-3.37279869,-244.86306247
24.45,0.09580607,18.89408302,6.73365235,-3.38011827,-244.85215084
24.50,0.09580607,18.89993858,6.72962713,-3.38011827,-244.85215084
24.55,0.04528208,18.88822842,6.73353028,-3.37414162,-244.87311854
24.60,0.04528208,18.87651825,6.73743343,-3.37414162,-244.87311854
24.65,0.06949921,18.86871147,6.73865318,-3.37314180,-244.89021841
24.70,0.06949921,18.86090469,6.73987293,-3.37314180,-244.89021841
24.75,0.07477736,18.86480808,6.73926306,-3.37339782,-244.88010231
24.80,0.07477736,18.86871147,6.73865318,-3.37339782,-244.88010231
24.85,0.03901894,18.89798546,6.74365425,-3.35857864,-244.82627057
24.90,0.03901894,18.92725945,6.74865532,-3.35857864,-244.82627057
24.95,0.09450789,18.93506622,6.73987317,-3.37440125,-244.80633890
25.00,0.09450789,18.94287300,6.73109102,-3.37440125,-244.80633890
25.05,0.06342223,18.93311501,6.72730970,-3.38377933,-244.82575606
25.10,0.06342223,18.92335701,6.72352839,-3.38377933,-244.82575606
25.15,0.05308343,18.92530823,6.72487020,-3.38084735,-244.82288856
25.20,0.05308343,18.92725945,6.72621202,-3.38084735,-244.82288856
25.25,0.10365654,18.93311501,6.71413636,-3.40388778,-244.80911847
25.30,0.10365654,18.93897057,6.70206070,-3.40388778,-244.80911847
25.35,0.04545182,18.88432503,6.65827155,-3.50091206,-244.91056689
25.40,0.04545182,18.82967949,6.61448240,-3.50091206,-244.91056689
25.45,0.02486052,18.84334087,6.62619209,-3.47521651,-244.88533068
25.50,0.02486052,18.85700226,6.63790178,-3.47521651,-244.88533068
25.55,0.04447460,18.88042164,6.66705370,-3.41254408,-244.84127006
25.60,0.04447460,18.90384102,6.69620562,-3.41254408,-244.84127006
25.65,0.07478115,18.93311501,6.65668559,-3.48638892,-244.77855953
25.70,0.07478115,18.96238899,6.61716557,-3.48638892,-244.77855953
25.75,0.07332792,18.96043777,6.65778351,-3.40542277,-244.78721880
25.80,0.07332792,18.95848656,6.69840145,-3.40542277,-244.78721880
25.85,0.05970953,18.95653439,6.69376636,-3.41508784,-244.79072111
25.90,0.05970953,18.95458221,6.68913126,-3.41508784,-244.79072111
25.95,0.06786860,18.96629238,6.67827535,-3.43503197,-244.76960212
26.00,0.06786860,18.97800255,6.66741943,-3.43503197,-244.76960212
26.05,0.15620949,18.96629238,6.65485597,-3.46203078,-244.78880662
26.10,0.15620949,18.95458221,6.64229250,-3.46203078,-244.78880662
26.15,0.02767828,18.96043682,6.64826941,-3.44882482,-244.77656819
26.20,0.02767828,18.96629143,6.65424633,-3.44882482,-244.77656819
26.25,0.09891275,18.95458221,6.64607406,-3.46732742,-244.80021258
26.30,0.09891275,18.94287300,6.63790178,-3.46732742,-244.80021258
26.35,0.07651772,18.95263100,6.64265871,-3.45597353,-244.77783029
26.40,0.07651772,18.96238899,6.64741564,-3.45597353,-244.77783029
26.45,0.07705809,18.94872761,6.64814758,-3.45719545,-244.80889968
26.50,0.07705809,18.93506622,6.64887953,-3.45719545,-244.80889968
26.55,0.05542287,18.93311501,6.64485431,-3.46543962,-244.80938910
26.60,0.05542287,18.93116379,6.64082909,-3.46543962,-244.80938910
26.65,0.01667735,18.94287300,6.63985324,-3.46537992,-244.78795856
26.70,0.01667735,18.95458221,6.63887739,-3.46537992,-244.78795856
26.75,0.00811627,18.96238899,6.64241457,-3.45669663,-244.77121362
26.80,0.00811627,18.97019577,6.64595175,-3.45669663,-244.77121362
26.85,0.06559358,18.96629238,6.63582802,-3.47801098,-244.78060907
26.90,0.06559358,18.96238899,6.62570429,-3.47801098,-244.78060907
26.95,0.08085421,18.95848560,6.62472844,-3.48068140,-244.78896882
27.00,0.08085421,18.95458221,6.62375259,-3.48068140,-244.78896882
27.05,0.05702674,18.95653439,6.62106895,-3.48562705,-244.78460341
27.10,0.05702674,18.95848656,6.61838531,-3.48562705,-244.78460341
27.15,0.08163779,18.96043777,6.61094499,-3.49966333,-244.77436028
27.20,0.08163779,18.96238899,6.60350466,-3.49966333,-244.77436028
27.25,0.10172975,18.93506622,6.60789561,-3.49596909,-244.83122919
27.30,0.10172975,18.90774345,6.61228657,-3.49596909,-244.83122919
27.35,0.19467474,18.88822746,6.60191870,-3.52028445,-244.86910692
27.40,0.19467474,18.86871147,6.59155083,-3.52028445,-244.86910692
27.45,0.08793509,18.87651825,6.58581805,-3.53047582,-244.85565142
27.50,0.08793509,18.88432503,6.58008528,-3.53047582,-244.85565142
27.55,0.06090502,18.89017963,6.58020735,-3.52899598,-244.84309694
27.60,0.06090502,18.89603424,6.58032942,-3.52899598,-244.84309694
27.66,0.07690911,18.88822842,6.58069515,-3.52952897,-244.85653510
27.70,0.07690911,18.88042259,6.58106089,-3.52952897,-244.85653510
27.75,0.04511371,18.88627720,6.58142686,-3.52802136,-244.84612288
27.80,0.04511371,18.89213181,6.58179283,-3.52802136,-244.84612288
27.85,0.02985380,18.91359901,6.57374239,-3.53981381,-244.79855194
27.90,0.02985380,18.93506622,6.56569195,-3.53981381,-244.79855194
27.95,0.14197544,18.94872761,6.56691170,-3.53475994,-244.77105033
28.01,0.14197544,18.96238899,6.56813145,-3.53475994,-244.77105033
28.05,0.19896338,18.95848560,6.53922343,-3.59341981,-244.77661930
28.10,0.19896338,18.95458221,6.51031542,-3.59341981,-244.77661930
28.15,0.24460202,18.97214699,6.50775385,-3.59531043,-244.74201437
28.20,0.24460202,18.98971176,6.50519228,-3.59531043,-244.74201437
28.25,0.30388439,18.98190498,6.50177693,-3.60343275,-244.75568761
28.30,0.30388439,18.97409821,6.49836159,-3.60343275,-244.75568761
28.35,0.14763075,18.93896961,6.50214291,-3.60232532,-244.82726687
28.40,0.14763075,18.90384102,6.50592422,-3.60232532,-244.82726687
28.45,0.11884579,18.91359901,6.50006938,-3.61244010,-244.80787103
28.50,0.11884579,18.92335701,6.49421453,-3.61244010,-244.80787103
28.55,0.16632666,18.95848560,6.49494648,-3.60430547,-244.73553542
28.60,0.16632666,18.99361420,6.49567842,-3.60430547,-244.73553542
28.65,0.11943708,18.99556637,6.49616623,-3.60302999,-244.73122685
28.70,0.11943708,18.99751854,6.49665403,-3.60302999,-244.73122685
28.75,0.16085714,18.99361515,6.52824569,-3.54078764,-244.74448096
28.80,0.16085714,18.98971176,6.55983734,-3.54078764,-244.74448096
29.35,0.03595359,18.95263100,6.52507424,-3.61679067,-244.81312328
29.40,0.03595359,18.91555023,6.49031115,-3.61679067,-244.81312328
29.45,0.13621961,18.92140484,6.50226474,-3.59190375,-244.80431296
29.50,0.13621961,18.92725945,6.51421833,-3.59190375,-244.80431296
29.55,0.08359618,18.93311501,6.49055529,-3.63777819,-244.78568981
29.60,0.08359618,18.93897057,6.46689224,-3.63777819,-244.78568981
29.65,0.12774952,18.92530918,6.45993948,-3.65456825,-244.81595037
29.70,0.12774952,18.91164780,6.45298672,-3.65456825,-244.81595037
29.75,0.15219650,18.94677639,6.43932557,-3.67517938,-244.74077267
29.80,0.15219650,18.98190498,6.42566442,-3.67517938,-244.74077267
29.85,0.15236239,18.99166298,6.44871783,-3.62741492,-244.72551092
29.90,0.15236239,19.00142097,6.47177124,-3.62741492,-244.72551092
29.95,0.06314149,19.02171230,6.43568707,-3.69668408,-244.68568307
30.00,0.06314149,19.04200363,6.39960289,-3.69668408,-244.68568307
30.05,0.09949509,19.02171230,6.41202378,-3.67450912,-244.72001721
30.10,0.09949509,19.00142097,6.42444468,-3.67450912,-244.72001721
30.15,0.20729759,19.14856815,6.44373751,-3.61036710,-244.43771907
30.20,0.20729759,19.29571533,6.46303034,-3.61036710,-244.43771907
30.25,0.13471575,19.23911762,6.46827531,-3.60996638,-244.54983879
30.30,0.13471575,19.18251991,6.47352028,-3.60996638,-244.54983879
30.35,0.06568651,19.17666531,6.46949506,-3.61948769,-244.56378325
30.40,0.06568651,19.17081070,6.46546984,-3.61948769,-244.56378325
30.45,0.05055009,19.17081070,6.47303247,-3.60433497,-244.56425574
30.50,0.05055009,19.17081070,6.48059511,-3.60433497,-244.56425574
30.55,0.11437608,19.16300392,6.48486423,-3.59742380,-244.58410867
30.60,0.11437608,19.15519714,6.48913336,-3.59742380,-244.58410867
30.65,0.05897033,19.18447208,6.48949933,-3.59105992,-244.52225639
30.70,0.05897033,19.21374702,6.48986530,-3.59105992,-244.52225639
30.75,0.03033324,19.16105270,6.48205876,-3.61625951,-244.62661629
30.80,0.03033324,19.10835838,6.47425222,-3.61625951,-244.62661629
30.85,0.07753832,19.14543915,6.46998310,-3.61796110,-244.55157854
30.90,0.07753832,19.18251991,6.46571398,-3.61796110,-244.55157854
30.95,0.05182626,19.15910053,6.46303058,-3.62767774,-244.59764559
31.00,0.05182626,19.13568115,6.46034718,-3.62767774,-244.59764559
31.05,0.03542353,19.13763332,6.45400429,-3.64009848,-244.59605577
31.10,0.03542353,19.13958549,6.44766140,-3.64009848,-244.59605577
31.15,0.05480491,19.11616611,6.44997907,-3.63975696,-244.64314315
31.20,0.05480491,19.09274673,6.45229673,-3.63975696,-244.64314315
31.25,0.06297628,19.06932735,6.45156479,-3.64493355,-244.68287397
31.30,0.06297628,19.04590797,6.45083284,-3.64493355,-244.68287397
31.55,0.15299890,19.06347179,6.38996673,-3.76355655,-244.64197612
31.60,0.15299890,19.08103561,6.32910061,-3.76355655,-244.64197612
31.75,0.20247961,19.03732491,6.34725451,-3.73424463,-244.72527798
31.80,0.20247961,18.99361420,6.36540842,-3.73424463,-244.72527798
31.85,0.12103599,18.97800159,6.39053535,-3.68712124,-244.76101309
31.90,0.12103599,18.96238899,6.41566229,-3.68712124,-244.76101309
31.95,0.14364162,18.95263100,6.39773202,-3.72441039,-244.77614408
32.00,0.14364162,18.94287300,6.37980175,-3.72441039,-244.77614408
32.05,0.15176983,18.96238899,6.38199735,-3.71619302,-244.73516098
32.10,0.15176983,18.98190498,6.38419294,-3.71619302,-244.73516098
32.15,0.19510927,19.13685799,6.37616301,-3.70514449,-244.43354326
32.20,0.19510927,19.29181099,6.36813307,-3.70514449,-244.43354326
32.25,0.21097697,19.29766560,6.36374187,-3.71326670,-244.42397093
32.30,0.21097697,19.30352020,6.35935068,-3.71326670,-244.42397093
32.35,0.23277838,19.27619743,6.34873867,-3.73895796,-244.47266160
32.40,0.23277838,19.24887466,6.33812666,-3.73895796,-244.47266160
32.45,0.28217464,19.21960068,6.33471131,-3.75106924,-244.53091269
32.50,0.28217464,19.19032669,6.33129597,-3.75106924,-244.53091269
32.55,0.22873779,19.12982655,6.32348967,-3.77763682,-244.64858513
32.60,0.22873779,19.06932640,6.31568336,-3.77763682,-244.64858513
32.65,0.25705451,19.09860039,6.29836273,-3.80679718,-244.58921961
32.70,0.25705451,19.12787437,6.28104210,-3.80679718,-244.58921961
32.75,0.27186085,19.08103561,6.26835656,-3.84064861,-244.67984368
32.80,0.27186085,19.03419685,6.25567102,-3.84064861,-244.67984368
32.85,0.28739964,19.00414753,6.25552893,-3.84513899,-244.73103101
32.90,0.28739964,18.97409821,6.25538683,-3.84513899,-244.73103101
32.95,0.29415865,18.97019482,6.24367714,-3.86944606,-244.73896760
33.00,0.29415865,18.96629143,6.23196745,-3.86944606,-244.73896760
33.05,0.19699699,18.98580837,6.23977399,-3.85062755,-244.70300941
33.10,0.19699699,19.00532532,6.24758053,-3.85062755,-244.70300941
33.15,0.22110668,19.00532532,6.23440719,-3.87678848,-244.70166161
33.20,0.22110668,19.00532532,6.22123384,-3.87678848,-244.70166161
33.25,0.12664649,18.98776054,6.23147964,-3.85937310,-244.73631445
33.30,0.12664649,18.97019577,6.24172544,-3.85937310,-244.73631445
33.35,0.09228772,18.98385715,6.24672651,-3.84700639,-244.71088636
33.40,0.09228772,18.99751854,6.25172758,-3.84700639,-244.71088636
33.55,0.07401048,19.07050323,6.24564886,-3.84686230,-244.56953244
33.60,0.07401048,19.14348793,6.23957014,-3.84686230,-244.56953244
33.65,0.12521088,19.12397194,6.24030185,-3.84906812,-244.61156167
33.70,0.12521088,19.10445595,6.24103355,-3.84906812,-244.61156167
33.75,0.06562372,19.13372993,6.24505877,-3.83538020,-244.55080637
33.80,0.06562372,19.16300392,6.24908400,-3.83538020,-244.55080637
33.85,0.02304875,19.13958454,6.24713254,-3.84378550,-244.59771737
33.90,0.02304875,19.11616516,6.24518108,-3.84378550,-244.59771737
33.95,0.13045397,19.11421394,6.23456907,-3.86513600,-244.59947481
34.00,0.13045397,19.11226273,6.22395706,-3.86513600,-244.59947481
34.05,0.04253277,19.09469795,6.21541882,-3.88552532,-244.63461813
34.10,0.04253277,19.07713318,6.20688057,-3.88552532,-244.63461813
34.15,0.02935214,19.07908440,6.21163750,-3.87540661,-244.62996429
34.20,0.02935214,19.08103561,6.21639442,-3.87540661,-244.62996429
34.25,0.03081404,19.05176163,6.20065951,-3.91212859,-244.68449713
34.30,0.03081404,19.02248764,6.18492460,-3.91212859,-244.68449713
34.35,0.14729603,19.02834225,6.16821384,-3.94440290,-244.66973754
34.40,0.14729603,19.03419685,6.15150309,-3.94440290,-244.66973754
34.45,0.15747225,18.99634171,6.17868400,-3.89618416,-244.74392397
34.50,0.15747225,18.95848656,6.20586491,-3.89618416,-244.74392397
34.55,0.13278937,18.96629238,6.20879221,-3.88888205,-244.72748219
34.60,0.13278937,18.97409821,6.21171951,-3.88888205,-244.72748219
34.65,0.15594111,19.00609970,6.20844603,-3.89082494,-244.67430099
34.70,0.15594111,19.03810120,6.20517254,-3.89082494,-244.67430099
34.75,0.03953414,19.00414848,6.21234918,-3.88146057,-244.73449061
34.80,0.03953414,18.97019577,6.21952581,-3.88146057,-244.73449061
34.95,0.09130092,19.12124538,6.21722841,-3.85951075,-244.43770605
35.00,0.09130092,19.27229500,6.21493101,-3.85951075,-244.43770605
35.05,0.14260884,19.23131084,6.22883630,-3.83926904,-244.52235237
35.10,0.14260884,19.19032669,6.24274158,-3.83926904,-244.52235237
35.15,0.16404816,19.19423008,6.26433134,-3.79577406,-244.52003454
35.20,0.16404816,19.19813347,6.28592110,-3.79577406,-244.52003454
35.35,0.06783932,19.06855202,6.22552299,-3.93852210,-244.76060016
35.40,0.06783932,18.93897057,6.16512489,-3.93852210,-244.76060016
35.45,0.04583058,19.15052032,6.19271135,-3.84627644,-244.35071793
35.50,0.04583058,19.36207008,6.22029781,-3.84627644,-244.35071793
35.55,0.07290929,19.33865070,6.20175743,-3.88752928,-244.39604516
35.60,0.07290929,19.31523132,6.18321705,-3.88752928,-244.39604516
35.65,0.18230238,19.29181194,6.16931176,-3.91911758,-244.43664029
35.70,0.18230238,19.26839256,6.15540648,-3.91911758,-244.43664029
35.75,0.05275381,19.24106979,6.15650415,-3.92193589,-244.49249789
35.80,0.05275381,19.21374702,6.15760183,-3.92193589,-244.49249789
35.85,0.13943625,19.19618225,6.15748000,-3.92554778,-244.52873803
35.90,0.13943625,19.17861748,6.15735817,-3.92554778,-244.52873803
36.05,0.06191722,19.07635784,6.14331126,-3.97086693,-244.71926412
36.10,0.06191722,18.97409821,6.12926435,-3.97086693,-244.71926412
36.15,0.08215038,19.15442276,6.14867806,-3.90038250,-244.37166398
36.20,0.08215038,19.33474731,6.16809177,-3.90038250,-244.37166398
36.25,0.11746021,19.28985977,6.17870378,-3.88776784,-244.46527275
36.30,0.11746021,19.24497223,6.18931580,-3.88776784,-244.46527275
36.45,0.07704671,19.15714931,6.11064124,-4.06011995,-244.62471089
36.50,0.07704671,19.06932640,6.03196669,-4.06011995,-244.62471089
