0.00,0.00923854,39.87323761,-18.22079659,-26.26403335,-221.79849900
0.05,0.01084032,39.89665794,-18.22024822,-26.25879405,-221.75024926
0.10,0.01084032,39.92007828,-18.21969986,-26.25879405,-221.75024926
0.15,0.00698503,39.90056038,-18.22098064,-26.26478596,-221.79076972
0.20,0.00698503,39.88104248,-18.22226143,-26.26478596,-221.79076972
0.25,0.05440769,39.88299561,-18.31252289,-26.44438027,-221.77166440
0.30,0.05440769,39.88494873,-18.40278435,-26.44438027,-221.77166440
0.36,0.01336728,39.90056038,-18.32282925,-26.28260030,-221.75655538
0.40,0.01336728,39.91617203,-18.24287415,-26.28260030,-221.75655538
0.45,0.01913425,39.91422081,-18.24195957,-26.28078655,-221.75801885
0.50,0.01913425,39.91226959,-18.24104500,-26.28078655,-221.75801885
0.55,0.02514893,39.91422081,-18.22640800,-26.25117966,-221.75421661
0.60,0.02514893,39.91617203,-18.21177101,-26.25117966,-221.75421661
0.65,0.02227456,39.91812515,-18.21677208,-26.26086831,-221.75018701
0.70,0.02227456,39.92007828,-18.22177315,-26.26086831,-221.75018701
0.75,0.00763583,39.92007828,-18.22171211,-26.26064983,-221.74937297
0.80,0.00763583,39.92007828,-18.22165108,-26.26064983,-221.74937297
0.85,0.04682889,39.90446472,-18.22750568,-26.27523073,-221.78260782
0.90,0.04682889,39.88885117,-18.23336029,-26.27523073,-221.78260782
0.95,0.01018561,39.88689995,-18.23403168,-26.27704982,-221.78741696
1.00,0.01018561,39.88494873,-18.23470306,-26.27704982,-221.78741696
1.05,0.01511208,39.89470673,-18.23147011,-26.26861612,-221.76555612
1.10,0.01511208,39.90446472,-18.22823715,-26.26861612,-221.76555612
1.15,0.01368092,39.90251160,-18.22250462,-26.25739799,-221.76898685
1.20,0.01368092,39.90055847,-18.21677208,-26.25739799,-221.76898685
1.25,0.03237048,39.90055847,-18.21506405,-26.25408133,-221.77037546
1.30,0.03237048,39.90055847,-18.21335602,-26.25408133,-221.77037546
1.35,0.02070917,39.89275360,-18.22299194,-26.27495572,-221.78708740
1.40,0.02070917,39.88494873,-18.23262787,-26.27495572,-221.78708740
1.45,0.02313484,39.89665794,-18.22659016,-26.26052791,-221.76084755
1.50,0.02313484,39.90836716,-18.22055244,-26.26052791,-221.76084755
1.55,0.00965685,39.88494682,-18.24970531,-26.32283042,-221.80417280
1.60,0.00965685,39.86152649,-18.27885818,-26.32283042,-221.80417280
1.65,0.02549840,39.87714005,-18.26037884,-26.28346200,-221.77825815
1.70,0.02549840,39.89275360,-18.24189949,-26.28346200,-221.77825815
1.75,0.01258869,39.87518883,-18.25909805,-26.32074934,-221.81038684
1.80,0.01258869,39.85762405,-18.27629662,-26.32074934,-221.81038684
1.85,0.01669245,39.86347961,-18.28135872,-26.32997439,-221.79941316
1.90,0.01669245,39.86933517,-18.28642082,-26.32997439,-221.79941316
1.95,0.00965912,39.86738396,-18.35173893,-26.46031239,-221.79084109
2.00,0.00965912,39.86543274,-18.41705704,-26.46031239,-221.79084109
2.05,0.03829396,39.87128639,-18.34319973,-26.31195736,-221.78884220
2.10,0.03829396,39.87714005,-18.26934242,-26.31195736,-221.78884220
2.15,0.01746388,39.89275360,-18.24628925,-26.26331070,-221.76249006
2.20,0.01746388,39.90836716,-18.22323608,-26.26331070,-221.76249006
2.25,0.01462765,39.89080238,-18.22829819,-26.27657626,-221.79770514
2.30,0.01462765,39.87323761,-18.23336029,-26.27657626,-221.79770514
2.35,0.01265175,39.88689804,-18.22756672,-26.26238940,-221.76881326
2.40,0.01265175,39.90055847,-18.22177315,-26.26238940,-221.76881326
2.45,0.02226659,39.89080048,-18.23372650,-26.28826040,-221.79054116
2.50,0.02226659,39.88104248,-18.24567986,-26.28826040,-221.79054116
2.55,0.00980015,39.89080048,-18.23445797,-26.26403790,-221.77019012
2.60,0.00980015,39.90055847,-18.22323608,-26.26403790,-221.77019012
2.65,0.02861875,39.89470482,-18.22604179,-26.27068070,-221.78208076
2.70,0.02861875,39.88885117,-18.22884750,-26.27068070,-221.78208076
2.75,0.00856266,39.88885117,-18.22671318,-26.26644827,-221.78344769
2.80,0.00856266,39.88885117,-18.22457886,-26.26644827,-221.78344769
2.85,0.01020570,39.88299561,-18.25220585,-26.32241947,-221.78846298
2.90,0.01020570,39.87714005,-18.27983284,-26.32241947,-221.78846298
2.95,0.01570408,39.87128639,-18.27684498,-26.31768834,-221.80321386
3.00,0.01570408,39.86543274,-18.27385712,-26.31768834,-221.80321386
3.05,0.02852637,39.88689995,-18.25665855,-26.27951545,-221.76183013
3.10,0.02852637,39.90836716,-18.23945999,-26.27951545,-221.76183013
3.15,0.01142695,39.90056038,-18.23653221,-26.27497778,-221.77659661
3.20,0.01142695,39.89275360,-18.23360443,-26.27497778,-221.77659661
3.25,0.07204392,39.90251160,-18.22085762,-26.24778945,-221.75850936
3.30,0.07204392,39.91226959,-18.20811081,-26.24778945,-221.75850936
3.36,0.05656290,39.89665604,-18.21671009,-26.26782174,-221.78987190
3.40,0.05656290,39.88104248,-18.22530937,-26.26782174,-221.78987190
3.45,0.00940337,39.90446281,-18.21579552,-26.24493952,-221.74703111
3.50,0.00940337,39.92788315,-18.20628166,-26.24493952,-221.74703111
3.56,0.04008111,39.92398071,-18.20433044,-26.24178541,-221.75510084
3.60,0.04008111,39.92007828,-18.20237923,-26.24178541,-221.75510084
3.65,0.03117440,39.90251350,-18.21927261,-26.27822901,-221.78461768
3.70,0.03117440,39.88494873,-18.23616600,-26.27822901,-221.78461768
3.75,0.03165129,39.88885117,-18.22811508,-26.26149766,-221.77744799
3.80,0.03165129,39.89275360,-18.22006416,-26.26149766,-221.77744799
3.85,0.03621376,39.90251160,-18.21640491,-26.25263994,-221.76018105
3.90,0.03621376,39.91226959,-18.21274567,-26.25263994,-221.76018105
3.95,0.01229941,39.91226959,-18.21250248,-26.25188375,-221.75694041
4.00,0.01229941,39.91226959,-18.21225929,-26.25188375,-221.75694041
4.05,0.03052486,39.89860916,-18.21561337,-26.26097005,-221.78481493
4.10,0.03052486,39.88494873,-18.21896744,-26.26097005,-221.78481493
4.15,0.03272834,39.88104439,-18.21774769,-26.25944024,-221.79513960
4.20,0.03272834,39.87714005,-18.21652794,-26.25944024,-221.79513960
4.25,0.01199808,39.89080238,-18.21835709,-26.26067698,-221.76646460
4.30,0.01199808,39.90446472,-18.22018623,-26.26067698,-221.76646460
4.35,0.01249350,39.88494873,-18.24769211,-26.31892855,-221.80272743
4.40,0.01249350,39.86543274,-18.27519798,-26.31892855,-221.80272743
4.45,0.03194889,39.86933517,-18.28166294,-26.33098020,-221.79207414
4.50,0.03194889,39.87323761,-18.28812790,-26.33098020,-221.79207414
4.55,0.01021186,39.88299561,-18.25946331,-26.27234456,-221.77907774
4.60,0.01021186,39.89275360,-18.23079872,-26.27234456,-221.77907774
4.65,0.00876517,39.87909317,-18.23872757,-26.29074471,-221.80687794
4.70,0.00876517,39.86543274,-18.24665642,-26.29074471,-221.80687794
4.75,0.02844994,39.87909317,-18.24000835,-26.27490468,-221.77937729
4.80,0.02844994,39.89275360,-18.23336029,-26.27490468,-221.77937729
4.85,0.03137715,39.89860916,-18.22561455,-26.25814454,-221.76442881
4.90,0.03137715,39.90446472,-18.21786880,-26.25814454,-221.76442881
4.95,0.01712526,39.89080238,-18.22579765,-26.27659290,-221.79325693
5.00,0.01712526,39.87714005,-18.23372650,-26.27659290,-221.79325693
5.05,0.01357837,39.87518883,-18.23299408,-26.27556254,-221.79873777
5.10,0.01357837,39.87323761,-18.23226166,-26.27556254,-221.79873777
5.15,0.02762460,39.87323761,-18.23189640,-26.27459727,-221.79580313
5.20,0.02762460,39.87323761,-18.23153114,-26.27459727,-221.79580313
5.25,0.01458232,39.87323761,-18.23159218,-26.27472887,-221.79652467
5.30,0.01458232,39.87323761,-18.23165321,-26.27472887,-221.79652467
5.35,0.00867685,39.88104439,-18.23531246,-26.28088751,-221.78223388
5.40,0.00867685,39.88885117,-18.23897171,-26.28088751,-221.78223388
5.45,0.01313243,39.88885117,-18.23653221,-26.27601513,-221.78263392
5.50,0.01313243,39.88885117,-18.23409271,-26.27601513,-221.78263392
5.55,0.02887881,39.89275360,-18.21518612,-26.23746358,-221.77647207
5.60,0.02887881,39.89665604,-18.19627953,-26.23746358,-221.77647207
5.65,0.00913713,39.88884926,-18.20341492,-26.25293878,-221.78938491
5.70,0.00913713,39.88104248,-18.21055031,-26.25293878,-221.78938491
5.75,0.00387888,39.88494682,-18.19438839,-26.22018578,-221.78637328
5.80,0.00387888,39.88885117,-18.17822647,-26.22018578,-221.78637328
5.85,0.01493254,39.89275360,-18.19018078,-26.24362724,-221.77911959
5.91,0.01493254,39.89665604,-18.20213509,-26.24362724,-221.77911959
5.95,0.02270258,39.89665604,-18.20274448,-26.24484385,-221.77971564
6.00,0.02270258,39.89665604,-18.20335388,-26.24484385,-221.77971564
6.05,0.04115149,39.89275360,-18.20176792,-26.24207898,-221.78413638
6.10,0.04115149,39.88885117,-18.20018196,-26.24207898,-221.78413638
6.15,0.01080222,39.89080238,-18.20012188,-26.24160476,-221.78066721
6.20,0.01080222,39.89275360,-18.20006180,-26.24160476,-221.78066721
6.25,0.00804252,39.90056038,-18.19798756,-26.23632078,-221.76659308
6.30,0.00804252,39.90836716,-18.19591331,-26.23632078,-221.76659308
6.35,0.02680237,39.90836716,-18.19652367,-26.23735966,-221.76480296
6.40,0.02680237,39.90836716,-18.19713402,-26.23735966,-221.76480296
6.45,0.01871563,39.90446281,-18.20579433,-26.25528839,-221.77144024
6.50,0.01871563,39.90055847,-18.21445465,-26.25528839,-221.77144024
6.55,0.03652767,39.88104248,-18.21884537,-26.26753183,-221.81138198
6.60,0.03652767,39.86152649,-18.22323608,-26.26753183,-221.81138198
6.65,0.01313923,39.86933327,-18.21884537,-26.25727805,-221.79371266
6.70,0.01313923,39.87714005,-18.21445465,-26.25727805,-221.79371266
6.75,0.01313923,39.87518883,-18.21109962,-26.25727805,-221.79371266
6.80,0.00948727,39.87323761,-18.20774460,-26.25078951,-221.79750597
6.85,0.00320448,39.87518883,-18.20707417,-26.24926976,-221.79458780
6.90,0.00320448,39.87714005,-18.20640373,-26.24926976,-221.79458780
6.95,0.00233657,39.88299561,-18.20713520,-26.24979058,-221.78392489
7.00,0.00233657,39.88885117,-18.20786667,-26.24979058,-221.78392489
7.05,0.01065973,39.86738396,-18.23701954,-26.31133416,-221.81930460
7.10,0.01065973,39.84591675,-18.26617241,-26.31133416,-221.81930460
7.15,0.02759713,39.86152840,-18.23994732,-26.25655056,-221.79432353
7.20,0.02759713,39.87714005,-18.21372223,-26.25655056,-221.79432353
7.35,0.02251738,39.88299561,-18.21006298,-26.24815938,-221.78286895
7.40,0.02251738,39.88885117,-18.20640373,-26.24815938,-221.78286895
7.45,0.00215695,39.88104439,-18.20170784,-26.24022633,-221.79999014
7.50,0.00215695,39.87323761,-18.19701195,-26.24022633,-221.79999014
7.55,0.01931935,39.87909317,-18.19432831,-26.23386835,-221.78880849
7.60,0.01931935,39.88494873,-18.19164467,-26.23386835,-221.78880849
7.65,0.03534926,39.88689995,-18.19048595,-26.23137761,-221.78600937
7.70,0.03534926,39.88885117,-18.18932724,-26.23137761,-221.78600937
7.75,0.05250866,39.88299561,-18.19103432,-26.23585363,-221.79811606
7.80,0.05250866,39.87714005,-18.19274139,-26.23585363,-221.79811606
7.85,0.02684605,39.86543083,-18.20908642,-26.27025074,-221.81714025
7.90,0.02684605,39.85372162,-18.22543144,-26.27025074,-221.81714025
7.95,0.02587228,39.87518883,-18.21988201,-26.25547999,-221.77494636
8.00,0.02587228,39.89665604,-18.21433258,-26.25547999,-221.77494636
8.05,0.00762579,39.89665604,-18.21536922,-26.25754764,-221.77459387
8.10,0.00762579,39.89665604,-18.21640587,-26.25754764,-221.77459387
8.15,0.01176730,39.89665604,-18.21646690,-26.25759297,-221.77383797
8.20,0.01176730,39.89665604,-18.21652794,-26.25759297,-221.77383797
8.35,0.02141523,39.89860725,-18.21634483,-26.25699943,-221.77155454
8.40,0.02141523,39.90055847,-18.21616173,-26.25699943,-221.77155454
8.45,0.03454222,39.91226959,-18.21427155,-26.25121890,-221.74757574
8.50,0.03454222,39.92398071,-18.21238136,-26.25121890,-221.74757574
8.55,0.02762613,39.90251160,-18.21823597,-26.26646172,-221.78836710
8.60,0.02762613,39.88104248,-18.22409058,-26.26646172,-221.78836710
8.65,0.02204691,39.86933327,-18.22268772,-26.26565717,-221.81178744
8.70,0.02204691,39.85762405,-18.22128487,-26.26565717,-221.81178744
8.75,0.00752732,39.87323761,-18.22189426,-26.26436940,-221.78315761
8.80,0.00752732,39.88885117,-18.22250366,-26.26436940,-221.78315761
8.85,0.01803049,39.88689995,-18.22219944,-26.26391344,-221.78492750
8.90,0.01803049,39.88494873,-18.22189522,-26.26391344,-221.78492750
8.95,0.00715828,39.88689995,-18.21317387,-26.24653407,-221.78548229
9.00,0.00715828,39.88885117,-18.20445251,-26.24653407,-221.78548229
9.05,0.00437298,39.88885117,-18.20402527,-26.24570347,-221.78687067
9.10,0.00437298,39.88885117,-18.20359802,-26.24570347,-221.78687067
9.15,0.02885104,39.88689995,-18.20231724,-26.24341858,-221.79018360
9.20,0.02885104,39.88494873,-18.20103645,-26.24341858,-221.79018360
9.45,0.00883345,39.88494873,-18.20121956,-26.24389746,-221.79143241
9.50,0.00883345,39.88494873,-18.20140266,-26.24389746,-221.79143241
9.65,0.01843765,39.88689995,-18.20286655,-26.24634504,-221.78529862
9.70,0.01843765,39.88885117,-18.20433044,-26.24634504,-221.78529862
9.76,0.02065762,39.88885117,-18.20372009,-26.24497987,-221.78427794
9.80,0.02065762,39.88885117,-18.20310974,-26.24497987,-221.78427794
9.85,0.00741920,39.86543083,-18.23518944,-26.31288445,-221.82409246
9.90,0.00741920,39.84201050,-18.26726913,-26.31288445,-221.82409246
9.95,0.00638713,39.86347961,-18.23171329,-26.23837669,-221.78809359
10.00,0.00638713,39.88494873,-18.19615746,-26.23837669,-221.78809359
10.06,0.01671588,39.88299561,-18.20579338,-26.25781965,-221.78906350
10.10,0.01671588,39.88104248,-18.21542931,-26.25781965,-221.78906350
10.15,0.02414623,39.88104248,-18.21664906,-26.26031107,-221.78951744
10.20,0.02414623,39.88104248,-18.21786880,-26.26031107,-221.78951744
10.25,0.00317570,39.88494682,-18.21305084,-26.24999136,-221.78274895
10.30,0.00317570,39.88885117,-18.20823288,-26.24999136,-221.78274895
10.35,0.00853338,39.89275360,-18.21646690,-26.26566715,-221.77229170
10.40,0.00853338,39.89665604,-18.22470093,-26.26566715,-221.77229170
10.45,0.02987902,39.89275360,-18.22451782,-26.26605475,-221.78120813
10.50,0.02987902,39.88885117,-18.22433472,-26.26605475,-221.78120813
10.55,0.00638953,39.89275360,-18.21085644,-26.23864766,-221.77718692
10.60,0.00638953,39.89665604,-18.19737816,-26.23864766,-221.77718692
10.65,0.00957796,39.89860725,-18.19884109,-26.24154074,-221.77587525
10.70,0.00957796,39.90055847,-18.20030403,-26.24154074,-221.77587525
10.75,0.02763821,39.90055847,-18.20036507,-26.24133891,-221.77333735
10.80,0.02763821,39.90055847,-18.20042610,-26.24133891,-221.77333735
10.85,0.00625175,39.90251160,-18.20207310,-26.24442207,-221.77050932
10.90,0.00625175,39.90446472,-18.20372009,-26.24442207,-221.77050932
10.95,0.02173539,39.90446472,-18.20286655,-26.24275271,-221.77026415
11.00,0.02173539,39.90446472,-18.20201302,-26.24275271,-221.77026415
11.05,0.02354907,39.90641594,-18.20274448,-26.24397060,-221.76825929
11.10,0.02354907,39.90836716,-18.20347595,-26.24397060,-221.76825929
11.15,0.01573548,39.89470482,-18.21927166,-26.27774119,-221.79177831
11.20,0.01573548,39.88104248,-18.23506737,-26.27774119,-221.79177831
11.25,0.01014132,39.87518883,-18.23750687,-26.28346423,-221.80149828
11.30,0.01014132,39.86933517,-18.23994637,-26.28346423,-221.80149828
11.35,0.03032584,39.88689995,-18.22744465,-26.25541516,-221.76719689
11.40,0.03032584,39.90446472,-18.21494293,-26.25541516,-221.76719689
11.45,0.00808866,39.90056038,-18.22159004,-26.26924364,-221.77240794
11.50,0.00808866,39.89665604,-18.22823715,-26.26924364,-221.77240794
11.55,0.01328499,39.89860725,-18.22116280,-26.25468318,-221.76857500
11.60,0.01328499,39.90055847,-18.21408844,-26.25468318,-221.76857500
11.65,0.01998007,39.89470482,-18.21579552,-26.25944982,-221.78365418
11.70,0.01998007,39.88885117,-18.21750259,-26.25944982,-221.78365418
11.75,0.03649683,39.88885117,-18.21591759,-26.25617776,-221.78328002
11.80,0.03649683,39.88885117,-18.21433258,-26.25617776,-221.78328002
11.85,0.01188129,39.89275360,-18.22006512,-26.26690564,-221.77351262
11.90,0.01188129,39.89665604,-18.22579765,-26.26690564,-221.77351262
11.95,0.01975619,39.88884926,-18.22421169,-26.26522360,-221.79085474
12.00,0.01975619,39.88104248,-18.22262573,-26.26522360,-221.79085474
12.05,0.01767022,39.89860725,-18.21372223,-26.24436985,-221.75698875
12.10,0.01767022,39.91617203,-18.20481873,-26.24436985,-221.75698875
12.15,0.00805624,39.91812515,-18.20670891,-26.24755644,-221.74965688
12.20,0.00805624,39.92007828,-18.20859909,-26.24755644,-221.74965688
12.25,0.01828857,39.93568993,-18.20731831,-26.24265745,-221.72276073
12.30,0.01828857,39.95130157,-18.20603752,-26.24265745,-221.72276073
12.35,0.00701802,39.92983437,-18.21384430,-26.26163266,-221.76076605
12.40,0.00701802,39.90836716,-18.22165108,-26.26163266,-221.76076605
12.45,0.02526485,39.90836716,-18.22128487,-26.26106144,-221.76334208
12.50,0.02526485,39.90836716,-18.22091866,-26.26106144,-221.76334208
12.65,0.07727806,39.90836716,-18.21762562,-26.25458468,-221.76438488
12.70,0.07727806,39.90836716,-18.21433258,-26.25458468,-221.76438488
12.75,0.01141904,39.89665794,-18.22024822,-26.26831714,-221.78545549
12.80,0.01141904,39.88494873,-18.22616386,-26.26831714,-221.78545549
12.85,0.04197184,39.88299561,-18.22280979,-26.26206988,-221.79149123
12.90,0.04197184,39.88104248,-18.21945572,-26.26206988,-221.79149123
12.95,0.01560269,39.87909126,-18.22396851,-26.27129001,-221.79303912
13.00,0.01560269,39.87714005,-18.22848129,-26.27129001,-221.79303912
13.05,0.02275512,39.87518883,-18.22945690,-26.27344914,-221.79634879
13.10,0.02275512,39.87323761,-18.23043251,-26.27344914,-221.79634879
13.15,0.00606584,39.86933517,-18.23262787,-26.27850573,-221.80397632
13.20,0.00606584,39.86543274,-18.23482323,-26.27850573,-221.80397632
13.25,0.04042728,39.86738396,-18.23421383,-26.27728673,-221.80342082
13.30,0.04042728,39.86933517,-18.23360443,-26.27728673,-221.80342082
13.35,0.01678300,39.88104439,-18.22653008,-26.26101663,-221.77951064
13.40,0.01678300,39.89275360,-18.21945572,-26.26101663,-221.77951064
13.45,0.01675392,39.88299561,-18.22653008,-26.27682597,-221.79745438
13.50,0.01675392,39.87323761,-18.23360443,-26.27682597,-221.79745438
13.65,0.05706612,39.87909317,-18.22750568,-26.26358194,-221.78603221
13.70,0.05706612,39.88494873,-18.22140694,-26.26358194,-221.78603221
13.75,0.01906596,39.88494873,-18.22030926,-26.26131621,-221.78565412
13.80,0.01906596,39.88494873,-18.21921158,-26.26131621,-221.78565412
13.95,0.09753737,39.87909317,-18.21573544,-26.25517821,-221.79598804
14.00,0.09753737,39.87323761,-18.21225929,-26.25517821,-221.79598804
14.05,0.09903929,39.89275360,-18.20744038,-26.24275235,-221.76350036
14.10,0.09903929,39.91226959,-18.20262146,-26.24275235,-221.76350036
14.16,0.06956707,39.90251160,-18.20792770,-26.25470146,-221.77821486
14.20,0.06956707,39.89275360,-18.21323395,-26.25470146,-221.77821486
14.25,0.04812396,39.85957527,-18.24055672,-26.31480730,-221.83974447
14.30,0.04812396,39.82639694,-18.26787949,-26.31480730,-221.83974447
14.35,0.00677403,39.85176849,-18.23360443,-26.24247415,-221.79859137
14.40,0.00677403,39.87714005,-18.19932938,-26.24247415,-221.79859137
14.45,0.07777997,39.87909126,-18.19749928,-26.23824297,-221.79279192
14.50,0.07777997,39.88104248,-18.19566917,-26.23824297,-221.79279192
14.55,0.13560120,39.87323761,-18.20524502,-26.25841737,-221.80363387
14.60,0.13560120,39.86543274,-18.21482086,-26.25841737,-221.80363387
14.65,0.07374274,39.84201241,-18.28483486,-26.40231333,-221.84163889
14.70,0.07374274,39.81859207,-18.35484886,-26.40231333,-221.84163889
14.75,0.17207052,39.82249451,-18.34271240,-26.37742517,-221.83566251
14.80,0.17207052,39.82639694,-18.33057594,-26.37742517,-221.83566251
14.85,0.28495193,39.76199532,-18.39949226,-26.52572358,-221.95037011
14.90,0.28495193,39.69759369,-18.46840858,-26.52572358,-221.95037011
14.95,0.28962151,39.71515656,-18.44681835,-26.47961817,-221.91897380
15.00,0.28962151,39.73271942,-18.42522812,-26.47961817,-221.91897380
15.05,0.30784691,39.76589775,-18.40498066,-26.43354107,-221.85599032
15.10,0.30784691,39.79907608,-18.38473320,-26.43354107,-221.85599032
15.15,0.46363360,39.79712486,-18.40772533,-26.47983540,-221.85802810
15.20,0.46363360,39.79517365,-18.43071747,-26.47983540,-221.85802810
15.25,0.54304142,39.81468964,-18.41620255,-26.44770746,-221.82273795
15.30,0.54304142,39.83420563,-18.40168762,-26.44770746,-221.82273795
15.35,0.26323647,39.78541565,-18.43041325,-26.51320732,-221.91427818
15.40,0.26323647,39.73662567,-18.45913887,-26.51320732,-221.91427818
15.45,0.19320169,39.77760887,-18.41711807,-26.42249953,-221.84043542
15.50,0.19320169,39.81859207,-18.37509727,-26.42249953,-221.84043542
15.55,0.26993865,39.83615685,-18.43169403,-26.53216024,-221.79383767
15.60,0.26993865,39.85372162,-18.48829079,-26.53216024,-221.79383767
15.65,0.19116461,39.86543083,-18.49097443,-26.53550706,-221.77089327
15.70,0.19116461,39.87714005,-18.49365807,-26.53550706,-221.77089327
15.75,0.41247468,39.89080238,-18.39693069,-26.34025805,-221.75922157
15.80,0.41247468,39.90446472,-18.30020332,-26.34025805,-221.75922157
15.85,0.40797817,39.91422272,-18.28745651,-26.31320039,-221.74169635
15.90,0.40797817,39.92398071,-18.27470970,-26.31320039,-221.74169635
15.95,0.28888053,39.87128639,-18.23464108,-26.24259946,-221.85480862
16.00,0.28888053,39.81859207,-18.19457245,-26.24259946,-221.85480862
16.05,0.24308071,39.83810806,-18.35247040,-26.55386059,-221.78917600
16.10,0.24308071,39.85762405,-18.51036835,-26.55386059,-221.78917600
16.15,0.16684000,39.81468964,-18.44663620,-26.43396378,-221.88202751
16.20,0.16684000,39.77175522,-18.38290405,-26.43396378,-221.88202751
16.25,0.09027935,39.79517365,-18.35460472,-26.37394687,-221.84473826
16.30,0.09027935,39.81859207,-18.32630539,-26.37394687,-221.84473826
16.35,0.05049033,39.82444763,-18.29989815,-26.32005321,-221.83529668
16.40,0.05049033,39.83030319,-18.27349091,-26.32005321,-221.83529668
16.45,0.00463103,39.80493164,-18.30026436,-26.37787663,-221.88258060
16.50,0.00463103,39.77956009,-18.32703781,-26.37787663,-221.88258060
16.55,0.06532274,39.80102730,-18.33063602,-26.38144614,-221.84012702
16.60,0.06532274,39.82249451,-18.33423424,-26.38144614,-221.84012702
16.65,0.05796345,39.84005928,-18.32429314,-26.35853152,-221.80570013
16.70,0.05796345,39.85762405,-18.31435204,-26.35853152,-221.80570013
16.75,0.06723943,39.80297852,-18.35124969,-26.44127060,-221.90574437
16.80,0.06723943,39.74833298,-18.38814735,-26.44127060,-221.90574437
16.85,0.05801976,39.76394653,-18.39729595,-26.45705781,-221.87631708
16.90,0.05801976,39.77956009,-18.40644455,-26.45705781,-221.87631708
17.05,0.19906694,39.89275360,-18.36771679,-26.36043569,-221.65820219
17.10,0.19906694,40.00594711,-18.32898903,-26.36043569,-221.65820219
17.55,0.16331127,39.85567284,-18.36710644,-26.46209858,-221.94914383
17.60,0.16331127,39.70539856,-18.40522385,-26.46209858,-221.94914383
18.05,0.24654753,39.74247932,-18.38625717,-26.41809689,-221.88058826
18.10,0.24654753,39.77956009,-18.36729050,-26.41809689,-221.88058826
18.15,0.18180503,39.82054329,-18.37363338,-26.42381161,-221.79854186
18.20,0.18180503,39.86152649,-18.37997627,-26.42381161,-221.79854186
18.25,0.07897784,39.83420372,-18.36960793,-26.40771003,-221.85313805
18.30,0.07897784,39.80688095,-18.35923958,-26.40771003,-221.85313805
18.35,0.09189685,39.80688095,-18.39449120,-26.47776088,-221.84523529
18.40,0.09189685,39.80688095,-18.42974281,-26.47776088,-221.84523529
18.45,0.11230910,39.85176849,-18.40321255,-26.41728881,-221.76202196
18.50,0.11230910,39.89665604,-18.37668228,-26.41728881,-221.76202196
18.55,0.24965910,39.87518883,-18.35381222,-26.37534863,-221.80813069
18.60,0.24965910,39.85372162,-18.33094215,-26.37534863,-221.80813069
18.65,0.32408742,39.86347961,-18.34685993,-26.40549549,-221.78676700
18.70,0.32408742,39.87323761,-18.36277771,-26.40549549,-221.78676700
18.75,0.29971132,39.90251160,-18.37436485,-26.42347142,-221.72576353
18.80,0.29971132,39.93178558,-18.38595200,-26.42347142,-221.72576353
18.85,0.34190447,39.86933327,-18.38088989,-26.42444670,-221.85403283
18.90,0.34190447,39.80688095,-18.37582779,-26.42444670,-221.85403283
18.95,0.19936919,39.83615685,-18.37070560,-26.40914293,-221.79566953
19.00,0.19936919,39.86543274,-18.36558342,-26.40914293,-221.79566953
19.05,0.15311823,39.88494873,-18.34936047,-26.37320516,-221.75726421
19.10,0.15311823,39.90446472,-18.33313751,-26.37320516,-221.75726421
19.15,0.21864629,39.87714195,-18.34362698,-26.39868005,-221.80860570
19.20,0.21864629,39.84981918,-18.35411644,-26.39868005,-221.80860570
19.25,0.23684242,39.82444763,-18.37021732,-26.43529257,-221.85763848
19.30,0.23684242,39.79907608,-18.38631821,-26.43529257,-221.85763848
19.35,0.28309385,39.81468964,-18.36417961,-26.38845310,-221.82984025
19.40,0.28309385,39.83030319,-18.34204102,-26.38845310,-221.82984025
19.45,0.24713960,39.84006119,-18.34094334,-26.38444615,-221.80902711
19.50,0.24713960,39.84981918,-18.33984566,-26.38444615,-221.80902711
19.55,0.18471192,39.86543083,-18.35320187,-26.40867132,-221.77915689
19.60,0.18471192,39.88104248,-18.36655807,-26.40867132,-221.77915689
19.65,0.16810667,39.87714005,-18.36875343,-26.41355482,-221.78527943
19.70,0.16810667,39.87323761,-18.37094879,-26.41355482,-221.78527943
19.75,0.20477547,39.86152840,-18.35393333,-26.38186674,-221.81317066
19.80,0.20477547,39.84981918,-18.33691788,-26.38186674,-221.81317066
19.85,0.13219683,39.85957718,-18.35186005,-26.40978974,-221.79023813
19.90,0.13219683,39.86933517,-18.36680222,-26.40978974,-221.79023813
19.95,0.12613567,39.88885117,-18.33551502,-26.34378069,-221.75296482
20.00,0.12613567,39.90836716,-18.30422783,-26.34378069,-221.75296482
20.05,0.09239713,39.89665794,-18.32630539,-26.38988967,-221.77303250
20.10,0.09239713,39.88494873,-18.34838295,-26.38988967,-221.77303250
20.15,0.17433693,39.88494873,-18.31752300,-26.32881807,-221.78372455
20.20,0.17433693,39.88494873,-18.28666306,-26.32881807,-221.78372455
20.25,0.11543389,39.90056038,-18.29873943,-26.35003431,-221.74780519
20.30,0.11543389,39.91617203,-18.31081581,-26.35003431,-221.74780519
20.35,0.07299423,39.90836525,-18.33393002,-26.39732659,-221.75918420
20.40,0.07299423,39.90055847,-18.35704422,-26.39732659,-221.75918420
20.45,0.08716680,39.86152649,-18.34740829,-26.38464614,-221.83523276
20.50,0.08716680,39.82249451,-18.33777237,-26.38464614,-221.83523276
20.55,0.06303687,39.87518883,-18.47078705,-26.64075492,-221.71004542
20.60,0.06303687,39.92788315,-18.60380173,-26.64075492,-221.71004542
20.65,0.12044952,39.89860916,-18.46590805,-26.37136042,-221.79505761
20.70,0.12044952,39.86933517,-18.32801437,-26.37136042,-221.79505761
20.75,0.05008531,39.85762596,-18.33996773,-26.39695695,-221.81322832
20.80,0.05008531,39.84591675,-18.35192108,-26.39695695,-221.81322832
20.85,0.04594088,39.86347961,-18.34557819,-26.38145001,-221.78121883
20.90,0.04594088,39.88104248,-18.33923531,-26.38145001,-221.78121883
20.95,0.07684013,39.87518883,-18.34100437,-26.38563887,-221.78916604
21.00,0.07684013,39.86933517,-18.34277344,-26.38563887,-221.78916604
21.05,0.08716112,39.87128639,-18.32959938,-26.35919013,-221.78964400
21.10,0.08716112,39.87323761,-18.31642532,-26.35919013,-221.78964400
21.15,0.04044832,39.86347961,-18.33832073,-26.40474751,-221.80730322
21.20,0.04044832,39.85372162,-18.36021614,-26.40474751,-221.80730322
21.25,0.07682977,39.87323761,-18.34545708,-26.37168631,-221.76850230
21.30,0.07682977,39.89275360,-18.33069801,-26.37168631,-221.76850230
21.35,0.10969596,39.87518883,-18.32648945,-26.36644888,-221.80537135
21.40,0.10969596,39.85762405,-18.32228088,-26.36644888,-221.80537135
21.45,0.07155227,39.86933327,-18.31703568,-26.35384191,-221.78098354
21.50,0.07155227,39.88104248,-18.31179047,-26.35384191,-221.78098354
21.55,0.10317426,39.91031837,-18.31063175,-26.34636438,-221.72207694
21.60,0.10317426,39.93959427,-18.30947304,-26.34636438,-221.72207694
21.65,0.11708122,39.93764114,-18.30764389,-26.34337000,-221.72899887
21.70,0.11708122,39.93568802,-18.30581474,-26.34337000,-221.72899887
21.75,0.06212586,39.94544601,-18.30739975,-26.34450342,-221.70637659
21.80,0.06212586,39.95520401,-18.30898476,-26.34450342,-221.70637659
21.85,0.04156420,39.95715714,-18.30703354,-26.34060849,-221.70522117
21.90,0.04156420,39.95911026,-18.30508232,-26.34060849,-221.70522117
21.95,0.06958850,39.95911026,-18.30483818,-26.33995774,-221.70434200
22.00,0.06958850,39.95911026,-18.30459404,-26.33995774,-221.70434200
22.05,0.04074156,39.94935226,-18.30422878,-26.34073403,-221.72155408
22.10,0.04074156,39.93959427,-18.30386353,-26.34073403,-221.72155408
22.15,0.07404392,39.94544792,-18.30435085,-26.34092349,-221.71298235
22.20,0.07404392,39.95130157,-18.30483818,-26.34092349,-221.71298235
22.25,0.04627547,39.95910835,-18.30581379,-26.34132449,-221.69437923
22.30,0.04627547,39.96691513,-18.30678940,-26.34132449,-221.69437923
22.35,0.05351560,39.95325470,-18.31233978,-26.35482514,-221.72232303
22.40,0.05351560,39.93959427,-18.31789017,-26.35482514,-221.72232303
22.45,0.05678995,39.94739914,-18.32008553,-26.35789808,-221.70637424
22.50,0.05678995,39.95520401,-18.32228088,-26.35789808,-221.70637424
22.55,0.07956221,39.94544601,-18.32447624,-26.36402187,-221.72571863
22.60,0.07956221,39.93568802,-18.32667160,-26.36402187,-221.72571863
22.65,0.05333912,39.93959236,-18.32600117,-26.36206960,-221.71896534
22.70,0.05333912,39.94349670,-18.32533073,-26.36206960,-221.71896534
22.75,0.07207622,39.92788315,-18.32758713,-26.36939490,-221.75176422
22.80,0.07207622,39.91226959,-18.32984352,-26.36939490,-221.75176422
22.85,0.05728399,39.93568993,-18.33149052,-26.36861975,-221.70467103
22.90,0.05728399,39.95911026,-18.33313751,-26.36861975,-221.70467103
22.95,0.06335739,39.96691513,-18.33704090,-26.37501657,-221.68757262
23.00,0.06335739,39.97472000,-18.34094429,-26.37501657,-221.68757262
23.05,0.06447497,39.97276878,-18.34417629,-26.38194714,-221.69306379
23.10,0.06447497,39.97081757,-18.34740829,-26.38194714,-221.69306379
23.15,0.08321399,39.95520592,-18.34783554,-26.38510912,-221.71942081
23.20,0.08321399,39.93959427,-18.34826279,-26.38510912,-221.71942081
23.25,0.04970189,39.93959427,-18.35094547,-26.39048636,-221.71976578
23.30,0.04970189,39.93959427,-18.35362816,-26.39048636,-221.71976578
23.35,0.09012670,39.92788315,-18.35496998,-26.39526717,-221.74328229
23.40,0.09012670,39.91617203,-18.35631180,-26.39526717,-221.74328229
23.45,0.05487505,39.92202759,-18.35923958,-26.40009331,-221.73190743
23.50,0.05487505,39.92788315,-18.36216736,-26.40009331,-221.73190743
23.55,0.05004162,39.91031837,-18.36369228,-26.40612239,-221.76590188
23.60,0.05004162,39.89275360,-18.36521721,-26.40612239,-221.76590188
23.65,0.04145102,39.90251160,-18.36613178,-26.40624682,-221.74529753
23.70,0.04145102,39.91226959,-18.36704636,-26.40624682,-221.74529753
23.75,0.05252656,39.94154358,-18.36985207,-26.40701611,-221.68899207
23.80,0.05252656,39.97081757,-18.37265778,-26.40701611,-221.68899207
23.85,0.05195337,39.96886635,-18.37509727,-26.41208404,-221.69219163
23.90,0.05195337,39.96691513,-18.37753677,-26.41208404,-221.69219163
23.95,0.07149296,39.96105957,-18.37954903,-26.41699008,-221.70193339
24.00,0.07149296,39.95520401,-18.38156128,-26.41699008,-221.70193339
24.05,0.05200068,39.94935036,-18.37601185,-26.40713741,-221.71674859
24.10,0.05200068,39.94349670,-18.37046242,-26.40713741,-221.71674859
24.15,0.04545860,39.95715714,-18.36491203,-26.39355437,-221.68758019
24.20,0.04545860,39.97081757,-18.35936165,-26.39355437,-221.68758019
24.25,0.03331974,39.96105957,-18.36820507,-26.41311098,-221.70875225
24.30,0.03331974,39.95130157,-18.37704849,-26.41311098,-221.70875225
24.35,0.04723741,39.95325279,-18.38381767,-26.42632382,-221.70444984
24.40,0.04723741,39.95520401,-18.39058685,-26.42632382,-221.70444984
24.45,0.06609717,39.96301079,-18.39235592,-26.42837997,-221.68798793
24.50,0.06609717,39.97081757,-18.39412498,-26.42837997,-221.68798793
24.55,0.03909808,39.95130157,-18.39522266,-26.43381594,-221.72438718
24.60,0.03909808,39.93178558,-18.39632034,-26.43381594,-221.72438718
24.65,0.04311971,39.93764114,-18.41132355,-26.46265501,-221.70971992
24.70,0.04311971,39.94349670,-18.42632675,-26.46265501,-221.70971992
24.75,0.02873151,39.93764114,-18.41559315,-26.44230408,-221.72346449
24.80,0.02873151,39.93178558,-18.40485954,-26.44230408,-221.72346449
24.85,0.09283821,39.96301079,-18.40949440,-26.44622510,-221.66110417
24.90,0.09283821,39.99423599,-18.41412926,-26.44622510,-221.66110417
24.95,0.05640093,39.99618912,-18.41815472,-26.45390198,-221.65665842
25.00,0.05640093,39.99814224,-18.42218018,-26.45390198,-221.65665842
25.05,0.06116554,39.99228668,-18.42516804,-26.46102851,-221.66975196
25.10,0.06116554,39.98643112,-18.42815590,-26.46102851,-221.66975196
25.15,0.08193061,39.99228668,-18.43242550,-26.46854224,-221.65786669
25.20,0.08193061,39.99814224,-18.43669510,-26.46854224,-221.65786669
25.25,0.12517449,39.98252869,-18.46609116,-26.52950931,-221.68071367
25.30,0.12517449,39.96691513,-18.49548721,-26.52950931,-221.68071367
25.35,0.11783690,39.95130157,-18.49091339,-26.52294204,-221.71126169
25.40,0.11783690,39.93568802,-18.48633957,-26.52294204,-221.71126169
25.45,0.09806172,39.95715714,-18.49012089,-26.52702384,-221.66982619
25.50,0.09806172,39.97862625,-18.49390221,-26.52702384,-221.66982619
25.55,0.16499746,39.99814224,-18.52335930,-26.58221751,-221.62472094
25.60,0.16499746,40.01765823,-18.55281639,-26.58221751,-221.62472094
25.65,0.14288360,40.02428436,-18.53132248,-26.53685119,-221.59947286
25.70,0.14288360,40.03091049,-18.50982857,-26.53685119,-221.59947286
25.75,0.11098273,40.03209114,-18.51046467,-26.53928888,-221.61184078
25.80,0.11098273,40.03327179,-18.51110077,-26.53928888,-221.61184078
25.85,0.09000207,40.03209114,-18.50446033,-26.52559834,-221.60866348
25.90,0.09000207,40.03091049,-18.49781990,-26.52559834,-221.60866348
26.05,0.08275472,40.03091049,-18.48852444,-26.50743330,-221.61436113
26.10,0.08275472,40.03091049,-18.47922897,-26.50743330,-221.61436113
26.15,0.04530442,40.00281525,-18.48467445,-26.52334220,-221.67183968
26.20,0.04530442,39.97472000,-18.49011993,-26.52334220,-221.67183968
26.25,0.16805919,39.98643112,-18.50451279,-26.55018770,-221.64738992
26.30,0.16805919,39.99814224,-18.51890564,-26.55018770,-221.64738992
26.35,0.21171231,40.01452637,-18.53316784,-26.57466879,-221.60031374
26.40,0.21171231,40.03091049,-18.54743004,-26.57466879,-221.60031374
26.55,0.19813111,40.00671959,-18.53402233,-26.55330319,-221.66351871
26.60,0.19813111,39.98252869,-18.52061462,-26.55330319,-221.66351871
26.65,0.19683483,40.14528656,-18.53242970,-26.54667827,-221.31633059
26.70,0.19683483,40.30804443,-18.54424477,-26.54667827,-221.31633059
26.75,0.28150869,40.18509102,-18.58876705,-26.65642748,-221.54917148
26.80,0.28150869,40.06213760,-18.63328934,-26.65642748,-221.54917148
26.85,0.34363981,40.07775116,-18.65652561,-26.70016050,-221.51639624
26.90,0.34363981,40.09336472,-18.67976189,-26.70016050,-221.51639624
26.95,0.34848888,40.09531593,-18.70647526,-26.75316834,-221.50955742
27.00,0.34848888,40.09726715,-18.73318863,-26.75316834,-221.50955742
27.05,0.32235053,40.10702515,-18.73989773,-26.76492775,-221.48992716
27.10,0.32235053,40.11678314,-18.74660683,-26.76492775,-221.48992716
27.15,0.38222216,40.12263870,-18.71172142,-26.69448306,-221.48491090
27.20,0.38222216,40.12849426,-18.67683601,-26.69448306,-221.48491090
27.25,0.39987682,40.12849426,-18.71233082,-26.76496490,-221.47582728
27.30,0.39987682,40.12849426,-18.74782562,-26.76496490,-221.47582728
27.35,0.38333477,40.12849426,-18.73270035,-26.73506330,-221.48122153
27.40,0.38333477,40.12849426,-18.71757507,-26.73506330,-221.48122153
27.45,0.53207374,40.08946037,-18.65121937,-26.60948796,-221.56866329
27.50,0.53207374,40.05042648,-18.58486366,-26.60948796,-221.56866329
27.55,0.61630825,40.05237961,-18.74172688,-26.92140419,-221.53465442
27.60,0.61630825,40.05433273,-18.89859009,-26.92140419,-221.53465442
27.66,0.51898016,40.07579994,-18.83040524,-26.78235060,-221.50967856
27.70,0.51898016,40.09726715,-18.76222038,-26.78235060,-221.50967856
27.75,0.38054906,40.07970238,-18.83339405,-26.92670918,-221.52671385
27.80,0.38054906,40.06213760,-18.90456772,-26.92670918,-221.52671385
27.85,0.29910886,40.07579994,-18.90218925,-26.91964086,-221.50005371
27.90,0.29910886,40.08946228,-18.89981079,-26.91964086,-221.50005371
27.95,0.29044114,40.12068748,-18.81753635,-26.75057176,-221.45508303
28.01,0.29044114,40.15191269,-18.73526192,-26.75057176,-221.45508303
28.05,0.19838671,40.14020348,-18.75282669,-26.78718153,-221.47158265
28.10,0.19838671,40.12849426,-18.77039146,-26.78718153,-221.47158265
28.15,0.13622744,40.12068748,-18.76362228,-26.77563337,-221.49363739
28.20,0.13622744,40.11288071,-18.75685310,-26.77563337,-221.49363739
28.25,0.20398007,40.10507393,-18.74758244,-26.75819303,-221.50702750
28.30,0.20398007,40.09726715,-18.73831177,-26.75819303,-221.50702750
28.35,0.12997588,40.08750916,-18.76551247,-26.81424057,-221.52339584
28.40,0.12997588,40.07775116,-18.79271317,-26.81424057,-221.52339584
28.45,0.06559034,40.06213760,-18.77362442,-26.77901160,-221.55947051
28.50,0.06559034,40.04652405,-18.75453568,-26.77901160,-221.55947051
28.55,0.05685385,40.05823326,-18.74849701,-26.76498260,-221.53706506
28.60,0.05685385,40.06994247,-18.74245834,-26.76498260,-221.53706506
28.65,0.02944309,40.10897636,-18.73995781,-26.75292980,-221.45692363
28.70,0.02944309,40.14801025,-18.73745728,-26.75292980,-221.45692363
28.75,0.25846919,40.12458992,-18.68348217,-26.64958591,-221.51409332
28.80,0.25846919,40.10116959,-18.62950706,-26.64958591,-221.51409332
28.85,0.08432137,40.06604004,-18.61456490,-26.62583156,-221.58568095
28.90,0.08432137,40.03091049,-18.59962273,-26.62583156,-221.58568095
28.95,0.08304257,40.09726715,-18.68482399,-26.78417273,-221.44036140
29.00,0.08304257,40.16362381,-18.77002525,-26.78417273,-221.44036140
29.05,0.10393284,40.13825226,-18.77075768,-26.78991562,-221.48942207
29.10,0.10393284,40.11288071,-18.77149010,-26.78991562,-221.48942207
29.25,0.05294733,40.08750916,-18.74892426,-26.74932481,-221.54308223
29.30,0.05294733,40.06213760,-18.72635841,-26.74932481,-221.54308223
