45.67,0.02148210,259.20013428,-1753.69494629,-832.23035267,1532.50498738
45.72,0.02148210,259.20013428,-1753.69494629,-832.23035267,1532.50498738
45.87,0.11552351,259.20013428,-1754.04821777,-832.28405100,1532.87843337
45.92,0.11552351,259.20013428,-1754.04821777,-832.28405100,1532.87843337
46.07,0.84659415,259.20013428,-1754.55700684,-832.48222030,1533.35013098
46.12,0.84659415,259.20013428,-1754.55700684,-832.48222030,1533.35013098
46.27,1.53567276,259.20013428,-1754.95935059,-832.55503140,1533.76903991
46.32,1.53567276,259.20013428,-1754.95935059,-832.55503140,1533.76903991
46.47,2.24084023,259.20013428,-1755.53576660,-832.77689740,1534.30467824
46.52,2.24084023,259.20013428,-1755.53576660,-832.77689740,1534.30467824
46.67,2.53990495,259.20013428,-1756.06713867,-832.78269097,1534.90762652
46.72,2.53990495,259.20013428,-1756.06713867,-832.78269097,1534.90762652
46.87,2.67466990,259.20013428,-1756.58996582,-832.82185450,1535.48228051
46.92,2.67466990,259.20013428,-1756.58996582,-832.82185450,1535.48228051
47.07,2.82538799,259.20013428,-1757.26367188,-833.10638591,1536.09474539
47.12,2.82538799,259.20013428,-1757.26367188,-833.10638591,1536.09474539
47.27,2.90316765,259.20013428,-1757.84863281,-833.22601116,1536.69611598
47.32,2.90316765,259.20013428,-1757.84863281,-833.22601116,1536.69611598
47.47,3.29920667,259.20013428,-1758.69042969,-833.49580073,1537.50817461
47.52,3.29920667,259.20013428,-1758.69042969,-833.49580073,1537.50817461
47.67,3.04631160,259.20013428,-1759.12268066,-833.47345829,1538.01332966
47.72,3.04631160,259.20013428,-1759.12268066,-833.47345829,1538.01332966
47.87,2.72964154,259.20013428,-1759.55639648,-833.79511213,1538.33172321
47.92,2.72964154,259.20013428,-1759.55639648,-833.79511213,1538.33172321
48.07,2.63881584,259.20013428,-1759.98205566,-833.75779106,1538.83724099
48.12,2.63881584,259.20013428,-1759.98205566,-833.75779106,1538.83724099
48.27,2.53263513,259.20013428,-1760.39575195,-833.79180001,1539.29029280
48.32,2.53263513,259.20013428,-1760.39575195,-833.79180001,1539.29029280
48.48,2.76707764,259.20013428,-1761.02294922,-833.89913338,1539.94661670
48.53,2.76707764,259.20013428,-1761.02294922,-833.89913338,1539.94661670
48.68,2.82349690,259.20013428,-1761.58959961,-833.99432975,1540.54046441
48.73,2.82349690,259.20013428,-1761.58959961,-833.99432975,1540.54046441
48.88,2.50385544,259.20013428,-1761.88403320,-834.03349634,1540.85456412
48.93,2.50385544,259.20013428,-1761.88403320,-834.03349634,1540.85456412
49.08,2.33488981,259.20013428,-1762.24938965,-834.14054551,1541.21253616
49.13,2.33488981,259.20013428,-1762.24938965,-834.14054551,1541.21253616
49.28,2.23523173,259.20013428,-1762.62316895,-834.22075259,1541.59460931
49.33,2.23523173,259.20013428,-1762.62316895,-834.22075259,1541.59460931
49.49,2.23165496,259.20013428,-1763.05615234,-834.33014402,1542.02830871
49.54,2.23165496,259.20013428,-1763.05615234,-834.33014402,1542.02830871
49.68,2.23915440,259.20013428,-1763.48706055,-834.41865952,1542.47102354
49.73,2.23915440,259.20013428,-1763.48706055,-834.41865952,1542.47102354
49.88,2.19926976,259.20013428,-1763.89733887,-834.53243492,1542.87631473
49.93,2.19926976,259.20013428,-1763.89733887,-834.53243492,1542.87631473
50.09,2.26972209,259.20013428,-1764.38989258,-834.70136558,1543.34539791
50.14,2.26972209,259.20013428,-1764.38989258,-834.70136558,1543.34539791
50.28,2.30810139,259.20013428,-1764.85400391,-834.81961808,1543.80951135
50.33,2.30810139,259.20013428,-1764.85400391,-834.81961808,1543.80951135
50.49,2.33099073,259.20013428,-1765.31213379,-834.92510921,1544.27400901
50.54,2.33099073,259.20013428,-1765.31213379,-834.92510921,1544.27400901
50.69,2.34830018,259.20013428,-1765.76464844,-835.00413805,1544.74642258
50.74,2.34830018,259.20013428,-1765.76464844,-835.00413805,1544.74642258
50.89,2.37107586,259.20013428,-1766.22583008,-835.11061696,1545.21382761
50.94,2.37107586,259.20013428,-1766.22583008,-835.11061696,1545.21382761
51.09,2.37342494,259.20013428,-1766.68725586,-835.24547897,1545.66584922
51.14,2.37342494,259.20013428,-1766.68725586,-835.24547897,1545.66584922
51.29,2.38428783,259.20013428,-1767.16491699,-835.41633959,1546.11679794
51.34,2.38428783,259.20013428,-1767.16491699,-835.41633959,1546.11679794
51.49,2.51898938,259.20013428,-1767.72937012,-835.58015714,1546.67050431
51.54,2.51898938,259.20013428,-1767.72937012,-835.58015714,1546.67050431
51.69,2.43673250,259.20013428,-1768.16650391,-835.71936885,1547.09254144
51.74,2.43673250,259.20013428,-1768.16650391,-835.71936885,1547.09254144
51.90,2.32199099,259.20013428,-1768.55737305,-835.83855220,1547.47273716
51.95,2.32199099,259.20013428,-1768.55737305,-835.83855220,1547.47273716
52.10,2.28523097,259.20013428,-1768.97778320,-835.93119110,1547.90119198
52.15,2.28523097,259.20013428,-1768.97778320,-835.93119110,1547.90119198
52.29,2.32033642,259.20013428,-1769.44201660,-836.05804872,1548.36077926
52.34,2.32033642,259.20013428,-1769.44201660,-836.05804872,1548.36077926
52.50,2.49614592,259.20013428,-1769.99804688,-836.12435260,1548.95799306
52.55,2.49614592,259.20013428,-1769.99804688,-836.12435260,1548.95799306
52.70,2.56668385,259.20013428,-1770.52490234,-836.23223689,1549.49928740
52.75,2.56668385,259.20013428,-1770.52490234,-836.23223689,1549.49928740
52.90,2.59996897,259.20013428,-1771.03247070,-836.32324868,1550.02786121
52.95,2.59996897,259.20013428,-1771.03247070,-836.32324868,1550.02786121
53.10,2.57048277,259.20013428,-1771.52075195,-836.44654796,1550.51674694
53.15,2.57048277,259.20013428,-1771.52075195,-836.44654796,1550.51674694
53.30,2.62711092,259.20013428,-1772.06164551,-836.56999193,1551.06548782
53.35,2.62711092,259.20013428,-1772.06164551,-836.56999193,1551.06548782
53.53,2.49169013,259.20013428,-1772.50683594,-836.74830504,1551.47538084
53.58,2.49169013,259.20013428,-1772.50683594,-836.74830504,1551.47538084
53.73,2.39566611,259.20013428,-1772.92260742,-836.87723195,1551.87858167
53.78,2.39566611,259.20013428,-1772.92260742,-836.87723195,1551.87858167
53.92,2.50988258,259.20013428,-1773.46228027,-836.97014100,1552.44247401
53.97,2.50988258,259.20013428,-1773.46228027,-836.97014100,1552.44247401
54.12,2.45918871,259.20013428,-1773.91625977,-837.10292246,1552.88708758
54.17,2.45918871,259.20013428,-1773.91625977,-837.10292246,1552.88708758
54.33,2.50529027,259.20013428,-1774.42590332,-837.21779273,1553.40484640
54.38,2.50529027,259.20013428,-1774.42590332,-837.21779273,1553.40484640
54.51,2.60013526,259.20013428,-1774.96069336,-837.32060766,1553.95793970
54.56,2.60013526,259.20013428,-1774.96069336,-837.32060766,1553.95793970
54.70,3.04156774,259.20013428,-1775.72521973,-837.33520013,1554.82030702
54.75,3.04156774,259.20013428,-1775.72521973,-837.33520013,1554.82030702
54.91,3.23688763,259.20013428,-1776.41577148,-837.40178382,1555.57022580
54.96,3.23688763,259.20013428,-1776.41577148,-837.40178382,1555.57022580
55.12,3.51504959,259.20013428,-1777.21557617,-837.51793082,1556.41749919
55.17,3.51504959,259.20013428,-1777.21557617,-837.51793082,1556.41749919
55.34,3.45649669,259.20013428,-1777.84533691,-837.63114880,1557.07274802
55.39,3.45649669,259.20013428,-1777.84533691,-837.63114880,1557.07274802
55.58,2.87250825,259.20013428,-1778.63732910,-839.00150573,1557.22882972
55.63,2.87250825,259.20013428,-1778.63732910,-839.00150573,1557.22882972
55.74,2.84962739,259.20013428,-1779.04821777,-838.81978865,1557.79564489
55.79,2.84962739,259.20013428,-1779.04821777,-838.81978865,1557.79564489
55.92,2.75084640,259.20013428,-1779.53894043,-838.82084597,1558.35363943
55.97,2.75084640,259.20013428,-1779.53894043,-838.82084597,1558.35363943
56.11,2.79605233,259.20013428,-1779.90917969,-840.52649039,1557.84643823
56.16,2.79605233,259.20013428,-1779.90917969,-840.52649039,1557.84643823
56.32,3.04100452,259.20013428,-1779.85266113,-841.36791682,1557.32315417
56.37,3.04100452,259.20013428,-1779.85266113,-841.36791682,1557.32315417
56.51,2.93649743,259.20013428,-1779.85278320,-841.75491741,1557.11181524
56.56,2.93649743,259.20013428,-1779.85278320,-841.75491741,1557.11181524
56.71,2.47310277,259.20013428,-1779.85559082,-841.99195860,1556.98560582
56.76,2.47310277,259.20013428,-1779.85559082,-841.99195860,1556.98560582
56.91,1.78904551,259.20013428,-1779.91772461,-842.06923866,1557.01420200
56.96,1.78904551,259.20013428,-1779.91772461,-842.06923866,1557.01420200
57.11,1.04297524,259.20013428,-1780.08459473,-842.06469351,1557.20681008
57.16,1.04297524,259.20013428,-1780.08459473,-842.06469351,1557.20681008
57.31,0.47307409,259.20013428,-1780.22473145,-842.00234357,1557.40046329
57.36,0.47307409,259.20013428,-1780.22473145,-842.00234357,1557.40046329
57.51,0.15690639,259.20013428,-1780.27612305,-841.91087119,1557.50908081
57.56,0.15690639,259.20013428,-1780.27612305,-841.91087119,1557.50908081
57.72,0.01069265,259.20013428,-1780.31567383,-841.87184555,1557.57544203
57.77,0.01069265,259.20013428,-1780.31567383,-841.87184555,1557.57544203
57.92,0.16675286,259.20013428,-1780.42932129,-841.86240014,1557.71011104
57.97,0.16675286,259.20013428,-1780.42932129,-841.86240014,1557.71011104
58.12,0.32025828,259.20013428,-1780.56799316,-841.87594769,1557.86071183
58.17,0.32025828,259.20013428,-1780.56799316,-841.87594769,1557.86071183
58.32,0.40748739,259.20013428,-1780.69152832,-841.91995826,1557.97737313
58.37,0.40748739,259.20013428,-1780.69152832,-841.91995826,1557.97737313
58.52,0.47922566,259.20013428,-1780.82092285,-841.98222191,1558.09084406
58.57,0.47922566,259.20013428,-1780.82092285,-841.98222191,1558.09084406
58.72,0.44347945,259.20013428,-1780.88635254,-842.03191935,1558.13834031
58.77,0.44347945,259.20013428,-1780.88635254,-842.03191935,1558.13834031
58.92,0.36147365,259.20013428,-1780.91540527,-842.05400646,1558.15936056
58.97,0.36147365,259.20013428,-1780.91540527,-842.05400646,1558.15936056
59.12,0.25436177,259.20013428,-1780.90991211,-842.04612726,1558.15732826
59.17,0.25436177,259.20013428,-1780.90991211,-842.04612726,1558.15732826
59.32,0.21780132,259.20013428,-1780.94104004,-842.04930833,1558.19101498
59.37,0.21780132,259.20013428,-1780.94104004,-842.04930833,1558.19101498
59.52,0.20201749,259.20013428,-1780.97570801,-842.06616262,1558.22144751
59.57,0.20201749,259.20013428,-1780.97570801,-842.06616262,1558.22144751
59.73,0.18600840,259.20013428,-1780.97814941,-842.10833930,1558.20120658
59.78,0.18600840,259.20013428,-1780.97814941,-842.10833930,1558.20120658
59.93,0.16452966,259.20013428,-1780.96826172,-842.13700808,1558.17419119
59.98,0.16452966,259.20013428,-1780.96826172,-842.13700808,1558.17419119
60.13,0.16862430,259.20013428,-1780.97692871,-842.17264346,1558.16451098
60.18,0.16862430,259.20013428,-1780.97692871,-842.17264346,1558.16451098
60.32,0.15223302,259.20013428,-1780.98559570,-842.19327419,1558.16315953
60.37,0.15223302,259.20013428,-1780.98559570,-842.19327419,1558.16315953
60.53,0.08905487,259.20013428,-1780.97448730,-842.17682610,1558.15951601
60.58,0.08905487,259.20013428,-1780.97448730,-842.17682610,1558.15951601
60.73,0.05518165,259.20013428,-1780.96777344,-842.16887958,1558.15626631
60.78,0.05518165,259.20013428,-1780.96777344,-842.16887958,1558.15626631
60.93,0.04434782,259.20013428,-1780.96704102,-842.16837726,1558.15564122
60.98,0.04434782,259.20013428,-1780.96704102,-842.16837726,1558.15564122
61.13,0.00635776,259.20013428,-1780.96325684,-842.15038294,1558.16118999
61.18,0.00635776,259.20013428,-1780.96325684,-842.15038294,1558.16118999
61.33,0.23134551,259.20013428,-1780.86230469,-842.18834116,1558.02537243
61.38,0.23134551,259.20013428,-1780.86230469,-842.18834116,1558.02537243
61.53,0.33574101,259.20013428,-1780.75561523,-842.16105828,1557.91876994
61.58,0.33574101,259.20013428,-1780.75561523,-842.16105828,1557.91876994
61.72,0.18395006,259.20013428,-1780.77392578,-842.12688175,1557.95841417
61.77,0.18395006,259.20013428,-1780.77392578,-842.12688175,1557.95841417
63.15,0.05564567,259.20013428,-1780.81286621,-842.11414374,1558.00970367
63.20,0.05564567,259.20013428,-1780.81286621,-842.11414374,1558.00970367
63.15,0.02378083,259.20013428,-1780.85913086,-842.12636436,1558.05561162
63.20,0.02378083,259.20013428,-1780.85913086,-842.12636436,1558.05561162
63.15,0.07757284,259.20013428,-1780.90246582,-842.14721924,1558.09359058
63.20,0.07757284,259.20013428,-1780.90246582,-842.14721924,1558.09359058
63.16,0.02724253,259.20013428,-1780.86755371,-842.13054608,1558.06298297
63.21,0.02724253,259.20013428,-1780.86755371,-842.13054608,1558.06298297
63.16,0.04950968,259.20013428,-1780.87805176,-842.14902641,1558.06482525
63.21,0.04950968,259.20013428,-1780.87805176,-842.14902641,1558.06482525
63.18,0.11011813,259.20013428,-1780.88256836,-842.18918477,1558.04811557
63.23,0.11011813,259.20013428,-1780.88256836,-842.18918477,1558.04811557
63.19,0.18658385,259.20013428,-1780.84362793,-842.21737019,1557.98830663
63.24,0.18658385,259.20013428,-1780.84362793,-842.21737019,1557.98830663
63.34,0.20693365,259.20013428,-1780.81420898,-842.23085455,1557.94738415
63.39,0.20693365,259.20013428,-1780.81420898,-842.23085455,1557.94738415
63.54,0.24188876,259.20013428,-1780.76000977,-842.22581479,1557.88840690
63.59,0.24188876,259.20013428,-1780.76000977,-842.22581479,1557.88840690
63.74,0.31762826,259.20013428,-1780.67749023,-842.20891033,1557.80356359
63.79,0.31762826,259.20013428,-1780.67749023,-842.20891033,1557.80356359
63.94,0.27799976,259.20013428,-1780.66320801,-842.22163890,1557.78040156
63.99,0.27799976,259.20013428,-1780.66320801,-842.22163890,1557.78040156
64.14,0.17490695,259.20013428,-1780.68945312,-842.25623575,1557.79136974
64.19,0.17490695,259.20013428,-1780.68945312,-842.25623575,1557.79136974
64.34,0.25740036,259.20013428,-1780.58166504,-842.21715856,1557.68992342
64.39,0.25740036,259.20013428,-1780.58166504,-842.21715856,1557.68992342
64.54,0.56138240,259.20013428,-1780.32446289,-842.15793224,1557.42917580
64.59,0.56138240,259.20013428,-1780.32446289,-842.15793224,1557.42917580
64.74,0.63939508,259.20013428,-1780.16040039,-842.13705596,1557.25367261
64.79,0.63939508,259.20013428,-1780.16040039,-842.13705596,1557.25367261
64.95,0.58027601,259.20013428,-1780.07836914,-842.11850768,1557.17034685
65.00,0.58027601,259.20013428,-1780.07836914,-842.11850768,1557.17034685
65.15,0.45820942,259.20013428,-1780.05566406,-842.08474129,1557.16280193
65.20,0.45820942,259.20013428,-1780.05566406,-842.08474129,1557.16280193
65.35,0.20557079,259.20013428,-1780.17456055,-842.07683762,1557.30276146
65.40,0.20557079,259.20013428,-1780.17456055,-842.07683762,1557.30276146
65.55,0.08839910,259.20013428,-1780.23425293,-842.09544043,1557.36064172
65.60,0.08839910,259.20013428,-1780.23425293,-842.09544043,1557.36064172
65.75,0.03560206,259.20013428,-1780.26000977,-842.11008193,1557.38191703
65.80,0.03560206,259.20013428,-1780.26000977,-842.11008193,1557.38191703
65.95,0.00455125,259.20013428,-1780.28173828,-842.13038727,1557.39557625
66.00,0.00455125,259.20013428,-1780.28173828,-842.13038727,1557.39557625
66.15,0.03435386,259.20013428,-1780.31005859,-842.15147902,1557.41622611
66.20,0.03435386,259.20013428,-1780.31005859,-842.15147902,1557.41622611
66.35,0.06410780,259.20013428,-1780.30187988,-842.16976978,1557.39699838
66.40,0.06410780,259.20013428,-1780.30187988,-842.16976978,1557.39699838
66.55,0.15215918,259.20013428,-1780.27514648,-842.21403977,1557.34246544
66.60,0.15215918,259.20013428,-1780.27514648,-842.21403977,1557.34246544
66.75,0.18539056,259.20013428,-1780.24414062,-842.23537569,1557.29536264
66.80,0.18539056,259.20013428,-1780.24414062,-842.23537569,1557.29536264
66.95,0.12460164,259.20013428,-1780.22509766,-842.19578763,1557.29528836
67.00,0.12460164,259.20013428,-1780.22509766,-842.19578763,1557.29528836
67.16,0.23180200,259.20013428,-1780.12512207,-842.16289347,1557.19938540
67.21,0.23180200,259.20013428,-1780.12512207,-842.16289347,1557.19938540
67.36,0.17889234,259.20013428,-1780.10778809,-842.11178158,1557.20754157
67.41,0.17889234,259.20013428,-1780.10778809,-842.11178158,1557.20754157
67.56,0.01632550,259.20013428,-1780.17675781,-842.10118738,1557.29190114
67.61,0.01632550,259.20013428,-1780.17675781,-842.10118738,1557.29190114
67.76,0.11253117,259.20013428,-1780.10693359,-842.05946394,1557.23511124
67.81,0.11253117,259.20013428,-1780.10693359,-842.05946394,1557.23511124
67.96,0.13748347,259.20013428,-1780.07080078,-842.03531812,1557.20718240
68.01,0.13748347,259.20013428,-1780.07080078,-842.03531812,1557.20718240
68.17,0.32643913,259.20013428,-1779.88647461,-841.92712571,1557.05622617
68.22,0.32643913,259.20013428,-1779.88647461,-841.92712571,1557.05622617
68.36,0.23987469,259.20013428,-1779.86437988,-841.94395687,1557.02191061
68.41,0.23987469,259.20013428,-1779.86437988,-841.94395687,1557.02191061
68.56,0.34355856,259.20013428,-1779.69177246,-841.89495123,1556.85192164
68.61,0.34355856,259.20013428,-1779.69177246,-841.89495123,1556.85192164
68.77,0.38677692,259.20013428,-1779.58789062,-841.88204797,1556.74057882
68.82,0.38677692,259.20013428,-1779.58789062,-841.88204797,1556.74057882
68.97,0.35433836,259.20013428,-1779.53637695,-841.89225121,1556.67630953
69.02,0.35433836,259.20013428,-1779.53637695,-841.89225121,1556.67630953
69.18,0.29342459,259.20013428,-1779.50842285,-841.90690505,1556.63650151
69.23,0.29342459,259.20013428,-1779.50842285,-841.90690505,1556.63650151
69.37,0.17887269,259.20013428,-1779.53088379,-841.92301685,1556.65321767
69.42,0.17887269,259.20013428,-1779.53088379,-841.92301685,1556.65321767
69.56,0.10542828,259.20013428,-1779.54699707,-841.92844699,1556.66860104
69.61,0.10542828,259.20013428,-1779.54699707,-841.92844699,1556.66860104
69.76,0.04445414,259.20013428,-1779.61901855,-841.96277334,1556.73198169
69.81,0.04445414,259.20013428,-1779.61901855,-841.96277334,1556.73198169
69.96,0.01120189,259.20013428,-1779.61157227,-841.94052243,1556.73560222
70.01,0.01120189,259.20013428,-1779.61157227,-841.94052243,1556.73560222
70.17,0.02501614,259.20013428,-1779.59375000,-841.92385411,1556.72447606
70.22,0.02501614,259.20013428,-1779.59375000,-841.92385411,1556.72447606
70.37,0.05536324,259.20013428,-1779.57214355,-841.90674697,1556.70909189
70.42,0.05536324,259.20013428,-1779.57214355,-841.90674697,1556.70909189
70.57,0.06444572,259.20013428,-1779.54833984,-841.89747861,1556.68714352
70.62,0.06444572,259.20013428,-1779.54833984,-841.89747861,1556.68714352
70.77,0.02218555,259.20013428,-1779.58898926,-841.93827343,1556.71123840
70.82,0.02218555,259.20013428,-1779.58898926,-841.93827343,1556.71123840
70.96,0.06427565,259.20013428,-1779.61096191,-841.96885420,1556.71950266
71.01,0.06427565,259.20013428,-1779.61096191,-841.96885420,1556.71950266
71.17,0.08887106,259.20013428,-1779.63305664,-841.99732949,1556.72915334
71.22,0.08887106,259.20013428,-1779.63305664,-841.99732949,1556.72915334
71.36,0.06433984,259.20013428,-1779.63452148,-841.99783827,1556.73041568
71.41,0.06433984,259.20013428,-1779.63452148,-841.99783827,1556.73041568
71.57,0.00173133,259.20013428,-1779.61877441,-841.96691570,1556.72940778
71.62,0.00173133,259.20013428,-1779.61877441,-841.96691570,1556.72940778
71.77,0.03798235,259.20013428,-1779.60888672,-841.94269163,1556.73145537
71.82,0.03798235,259.20013428,-1779.60888672,-841.94269163,1556.73145537
71.96,0.02985764,259.20013428,-1779.61486816,-841.94566738,1556.73657580
72.01,0.02985764,259.20013428,-1779.61486816,-841.94566738,1556.73657580
72.17,0.01237834,259.20013428,-1779.62182617,-841.96960601,1556.73148484
72.22,0.01237834,259.20013428,-1779.62182617,-841.96960601,1556.73148484
72.37,0.02366434,259.20013428,-1779.61889648,-841.94828418,1556.73979080
72.42,0.02366434,259.20013428,-1779.61889648,-841.94828418,1556.73979080
72.58,0.01076173,259.20013428,-1779.63342285,-841.96722206,1556.74596900
72.63,0.01076173,259.20013428,-1779.63342285,-841.96722206,1556.74596900
72.78,0.00428551,259.20013428,-1779.63793945,-841.97927170,1556.74454514
72.83,0.00428551,259.20013428,-1779.63793945,-841.97927170,1556.74454514
72.97,0.03646480,259.20013428,-1779.63549805,-841.94758137,1556.75905093
73.02,0.03646480,259.20013428,-1779.63549805,-841.94758137,1556.75905093
73.17,0.03507077,259.20013428,-1779.63708496,-841.94584558,1556.76171975
73.22,0.03507077,259.20013428,-1779.63708496,-841.94584558,1556.76171975
73.38,0.00265473,259.20013428,-1779.63342285,-841.96363004,1556.74792271
73.43,0.00265473,259.20013428,-1779.63342285,-841.96363004,1556.74792271
73.58,0.01006290,259.20013428,-1779.63928223,-841.98245383,1556.74420646
73.63,0.01006290,259.20013428,-1779.63928223,-841.98245383,1556.74420646
73.78,0.03006811,259.20013428,-1779.63806152,-842.00484962,1556.73076444
73.83,0.03006811,259.20013428,-1779.63806152,-842.00484962,1556.73076444
73.98,0.03003146,259.20013428,-1779.66516113,-842.01112195,1556.75814947
74.03,0.03003146,259.20013428,-1779.66516113,-842.01112195,1556.75814947
74.18,0.03516369,259.20013428,-1779.67004395,-842.02097901,1556.75828704
74.23,0.03516369,259.20013428,-1779.67004395,-842.02097901,1556.75828704
74.38,0.03282852,259.20013428,-1779.66992188,-842.02885582,1556.75381464
74.43,0.03282852,259.20013428,-1779.66992188,-842.02885582,1556.75381464
74.57,0.08988640,259.20013428,-1779.70812988,-842.04570823,1556.78824361
74.62,0.08988640,259.20013428,-1779.70812988,-842.04570823,1556.78824361
74.78,0.16757902,259.20013428,-1779.76269531,-842.07522905,1556.83418813
74.83,0.16757902,259.20013428,-1779.76269531,-842.07522905,1556.83418813
74.98,0.22579149,259.20013428,-1779.80810547,-842.09654121,1556.87431005
75.03,0.22579149,259.20013428,-1779.80810547,-842.09654121,1556.87431005
75.18,0.29664404,259.20013428,-1779.85717773,-842.12593311,1556.91416162
75.23,0.29664404,259.20013428,-1779.85717773,-842.12593311,1556.91416162
75.38,0.24058120,259.20013428,-1779.82104492,-842.13796887,1556.86651332
75.43,0.24058120,259.20013428,-1779.82104492,-842.13796887,1556.86651332
75.59,0.29329215,259.20013428,-1779.85437012,-842.17748413,1556.88286791
75.64,0.29329215,259.20013428,-1779.85437012,-842.17748413,1556.88286791
75.79,0.27065244,259.20013428,-1779.88220215,-842.18781253,1556.90888886
75.84,0.27065244,259.20013428,-1779.88220215,-842.18781253,1556.90888886
75.99,0.24086517,259.20013428,-1779.89453125,-842.20297163,1556.91471515
76.04,0.24086517,259.20013428,-1779.89453125,-842.20297163,1556.91471515
76.19,0.18145159,259.20013428,-1779.89587402,-842.19656204,1556.91967012
76.24,0.18145159,259.20013428,-1779.89587402,-842.19656204,1556.91967012
76.39,0.13547079,259.20013428,-1779.85717773,-842.19438273,1556.87678870
76.44,0.13547079,259.20013428,-1779.85717773,-842.19438273,1556.87678870
76.59,0.12398257,259.20013428,-1779.86535645,-842.20861926,1556.87825515
76.64,0.12398257,259.20013428,-1779.86535645,-842.20861926,1556.87825515
76.80,0.14164196,259.20013428,-1779.84094238,-842.23092687,1556.83825580
76.85,0.14164196,259.20013428,-1779.84094238,-842.23092687,1556.83825580
76.99,0.12149521,259.20013428,-1779.85839844,-842.24757907,1556.84916762
77.04,0.12149521,259.20013428,-1779.85839844,-842.24757907,1556.84916762
77.19,0.09514646,259.20013428,-1779.87390137,-842.26056502,1556.85957399
77.24,0.09514646,259.20013428,-1779.87390137,-842.26056502,1556.85957399
77.39,0.10639441,259.20013428,-1779.86547852,-842.27628025,1556.84137447
77.44,0.10639441,259.20013428,-1779.86547852,-842.27628025,1556.84137447
77.59,0.11566735,259.20013428,-1779.82836914,-842.27402219,1556.80040219
77.64,0.11566735,259.20013428,-1779.82836914,-842.27402219,1556.80040219
77.80,0.14278054,259.20013428,-1779.80761719,-842.29436783,1556.76556720
77.85,0.14278054,259.20013428,-1779.80761719,-842.29436783,1556.76556720
78.00,0.15673662,259.20013428,-1779.79003906,-842.31687178,1556.73325256
78.05,0.15673662,259.20013428,-1779.79003906,-842.31687178,1556.73325256
78.20,0.15431304,259.20013428,-1779.79748535,-842.35870474,1556.71900048
78.25,0.15431304,259.20013428,-1779.79748535,-842.35870474,1556.71900048
78.40,0.11007229,259.20013428,-1779.80712891,-842.36637079,1556.72574723
78.45,0.11007229,259.20013428,-1779.80712891,-842.36637079,1556.72574723
78.60,0.02070797,259.20013428,-1779.84252930,-842.36570028,1556.76649611
78.65,0.02070797,259.20013428,-1779.84252930,-842.36570028,1556.76649611
78.80,0.00577279,259.20013428,-1779.85620117,-842.36354643,1556.78322117
78.85,0.00577279,259.20013428,-1779.85620117,-842.36354643,1556.78322117
79.00,0.08300633,259.20013428,-1779.90783691,-842.36564142,1556.84099672
79.05,0.08300633,259.20013428,-1779.90783691,-842.36564142,1556.84099672
79.20,0.03601838,259.20013428,-1779.88989258,-842.36378128,1556.82135501
79.25,0.03601838,259.20013428,-1779.88989258,-842.36378128,1556.82135501
79.40,0.01670983,259.20013428,-1779.88403320,-842.36465018,1556.81435605
79.45,0.01670983,259.20013428,-1779.88403320,-842.36465018,1556.81435605
79.60,0.02673298,259.20013428,-1779.89550781,-842.37070120,1556.82413330
79.65,0.02673298,259.20013428,-1779.89550781,-842.37070120,1556.82413330
79.81,0.02140454,259.20013428,-1779.89416504,-842.37578330,1556.81968433
79.86,0.02140454,259.20013428,-1779.89416504,-842.37578330,1556.81968433
80.00,0.02229928,259.20013428,-1779.90063477,-842.37934124,1556.82525007
80.05,0.02229928,259.20013428,-1779.90063477,-842.37934124,1556.82525007
80.20,0.06312791,259.20013428,-1779.93493652,-842.39943991,1556.85325391
80.25,0.06312791,259.20013428,-1779.93493652,-842.39943991,1556.85325391
80.41,0.09192887,259.20013428,-1779.96215820,-842.41336801,1556.87667572
80.46,0.09192887,259.20013428,-1779.96215820,-842.41336801,1556.87667572
80.60,0.04151065,259.20013428,-1779.94604492,-842.39987017,1556.86570407
80.65,0.04151065,259.20013428,-1779.94604492,-842.39987017,1556.86570407
80.81,0.08998813,259.20013428,-1779.98474121,-842.41903146,1556.89940006
80.86,0.08998813,259.20013428,-1779.98474121,-842.41903146,1556.89940006
81.00,0.00365129,259.20013428,-1779.93920898,-842.39486885,1556.86065255
81.05,0.00365129,259.20013428,-1779.93920898,-842.39486885,1556.86065255
81.21,0.02682048,259.20013428,-1779.95251465,-842.40547990,1556.87005049
81.26,0.02682048,259.20013428,-1779.95251465,-842.40547990,1556.87005049
81.41,0.00444762,259.20013428,-1779.93444824,-842.40515468,1556.84958144
81.46,0.00444762,259.20013428,-1779.93444824,-842.40515468,1556.84958144
81.61,0.01437437,259.20013428,-1779.94641113,-842.40996910,1556.86056241
81.66,0.01437437,259.20013428,-1779.94641113,-842.40996910,1556.86056241
81.81,0.00848400,259.20013428,-1779.94360352,-842.40868610,1556.85813215
81.86,0.00848400,259.20013428,-1779.94360352,-842.40868610,1556.85813215
82.01,0.02188859,259.20013428,-1779.93188477,-842.39017472,1556.85484726
82.06,0.02188859,259.20013428,-1779.93188477,-842.39017472,1556.85484726
82.21,0.01752017,259.20013428,-1779.93090820,-842.38883004,1556.85447323
82.26,0.01752017,259.20013428,-1779.93090820,-842.38883004,1556.85447323
82.41,0.00189371,259.20013428,-1779.93200684,-842.39795256,1556.85084013
82.46,0.00189371,259.20013428,-1779.93200684,-842.39795256,1556.85084013
82.61,0.00724929,259.20013428,-1779.93542480,-842.39467564,1556.85647018
82.66,0.00724929,259.20013428,-1779.93542480,-842.39467564,1556.85647018
82.82,0.04420204,259.20013428,-1779.93750000,-842.42574580,1556.84191050
82.87,0.04420204,259.20013428,-1779.93750000,-842.42574580,1556.84191050
83.01,0.04258631,259.20013428,-1779.96240234,-842.40110325,1556.88365622
83.06,0.04258631,259.20013428,-1779.96240234,-842.40110325,1556.88365622
83.21,0.00430684,259.20013428,-1779.95593262,-842.42063251,1556.86554842
83.26,0.00430684,259.20013428,-1779.95593262,-842.42063251,1556.86554842
83.42,0.01873471,259.20013428,-1779.96154785,-842.40955629,1556.87803014
83.47,0.01873471,259.20013428,-1779.96154785,-842.40955629,1556.87803014
83.62,0.01974586,259.20013428,-1779.96008301,-842.40312056,1556.87997238
83.67,0.01974586,259.20013428,-1779.96008301,-842.40312056,1556.87997238
83.82,0.03495055,259.20013428,-1779.96765137,-842.39711439,1556.89188823
83.87,0.03495055,259.20013428,-1779.96765137,-842.39711439,1556.89188823
84.02,0.21400861,259.20013428,-1779.82946777,-842.39864717,1556.73349587
84.07,0.21400861,259.20013428,-1779.82946777,-842.39864717,1556.73349587
84.22,0.20926599,259.20013428,-1779.82067871,-842.39967292,1556.72293633
84.27,0.20926599,259.20013428,-1779.82067871,-842.39967292,1556.72293633
