51.49,0.00000000,259.20013428,-1830.52197266,-918.07715872,1572.04494932
51.54,0.00000000,259.20013428,-1830.52197266,-918.07715872,1572.04494932
51.69,1.19694193,259.20013428,-1829.81042480,-916.97031829,1571.87122093
51.74,1.19694193,259.20013428,-1829.81042480,-916.97031829,1571.87122093
51.90,4.19637072,259.20013428,-1829.18139648,-915.81556563,1571.82077594
51.95,4.19637072,259.20013428,-1829.18139648,-915.81556563,1571.82077594
52.10,4.32387488,259.20013428,-1828.86523438,-914.91448533,1571.98373902
52.15,4.32387488,259.20013428,-1828.86523438,-914.91448533,1571.98373902
52.29,5.01102567,259.20013428,-1828.08435059,-913.76728557,1571.75179633
52.34,5.01102567,259.20013428,-1828.08435059,-913.76728557,1571.75179633
52.50,6.09115679,259.20013428,-1827.11999512,-912.20490833,1571.54998240
52.55,6.09115679,259.20013428,-1827.11999512,-912.20490833,1571.54998240
52.70,6.34838441,259.20013428,-1826.68701172,-910.76607713,1571.89044420
52.75,6.34838441,259.20013428,-1826.68701172,-910.76607713,1571.89044420
52.90,5.77084269,259.20013428,-1826.36718750,-909.91544792,1572.01722859
52.95,5.77084269,259.20013428,-1826.36718750,-909.91544792,1572.01722859
53.10,6.04049540,259.20013428,-1826.04663086,-908.63820945,1572.39171482
53.15,6.04049540,259.20013428,-1826.04663086,-908.63820945,1572.39171482
53.30,5.99929106,259.20013428,-1825.28649902,-907.39075738,1572.23908065
53.35,5.99929106,259.20013428,-1825.28649902,-907.39075738,1572.23908065
53.53,6.58965454,259.20013428,-1824.36352539,-905.68487281,1572.16401007
53.58,6.58965454,259.20013428,-1824.36352539,-905.68487281,1572.16401007
53.73,6.83582116,259.20013428,-1823.56567383,-904.19007212,1572.10981517
53.78,6.83582116,259.20013428,-1823.56567383,-904.19007212,1572.10981517
53.92,6.81457740,259.20013428,-1822.63818359,-902.82830592,1571.82777391
53.97,6.81457740,259.20013428,-1822.63818359,-902.82830592,1571.82777391
54.12,6.23056770,259.20013428,-1822.24206543,-901.88879838,1571.91436431
54.17,6.23056770,259.20013428,-1822.24206543,-901.88879838,1571.91436431
54.33,6.23088287,259.20013428,-1821.57556152,-900.63442746,1571.87027245
54.38,6.23088287,259.20013428,-1821.57556152,-900.63442746,1571.87027245
54.51,5.83933664,259.20013428,-1821.03918457,-899.69375807,1571.79451591
54.56,5.83933664,259.20013428,-1821.03918457,-899.69375807,1571.79451591
54.70,5.69475129,259.20013428,-1820.27258301,-898.64872561,1571.51284418
54.75,5.69475129,259.20013428,-1820.27258301,-898.64872561,1571.51284418
54.91,5.65282861,259.20013428,-1819.62890625,-897.54463187,1571.40674974
54.96,5.65282861,259.20013428,-1819.62890625,-897.54463187,1571.40674974
55.12,5.63495693,259.20013428,-1819.04113770,-896.41593041,1571.37874307
55.17,5.63495693,259.20013428,-1819.04113770,-896.41593041,1571.37874307
55.34,5.81416701,259.20013428,-1818.25280762,-895.17070408,1571.18601993
55.39,5.81416701,259.20013428,-1818.25280762,-895.17070408,1571.18601993
55.58,6.06287472,259.20013428,-1817.29272461,-893.82694296,1570.85104505
55.63,6.06287472,259.20013428,-1817.29272461,-893.82694296,1570.85104505
55.74,5.90763462,259.20013428,-1816.88244629,-892.69145410,1571.02982716
55.79,5.90763462,259.20013428,-1816.88244629,-892.69145410,1571.02982716
55.92,5.85497613,259.20013428,-1816.25695801,-891.55291601,1570.96170451
55.97,5.85497613,259.20013428,-1816.25695801,-891.55291601,1570.96170451
56.11,5.84021869,259.20013428,-1815.94226074,-890.37029835,1571.27616957
56.16,5.84021869,259.20013428,-1815.94226074,-890.37029835,1571.27616957
56.32,5.38119771,259.20013428,-1815.60949707,-889.52955671,1571.37348986
56.37,5.38119771,259.20013428,-1815.60949707,-889.52955671,1571.37348986
56.51,5.72670501,259.20013428,-1815.16931152,-888.21525595,1571.61729796
56.56,5.72670501,259.20013428,-1815.16931152,-888.21525595,1571.61729796
56.71,5.99090541,259.20013428,-1814.58142090,-886.86216225,1571.71198208
56.76,5.99090541,259.20013428,-1814.58142090,-886.86216225,1571.71198208
56.91,6.26073223,259.20013428,-1814.13562012,-885.48522887,1571.98293447
56.96,6.26073223,259.20013428,-1814.13562012,-885.48522887,1571.98293447
57.11,6.72766915,259.20013428,-1813.43029785,-883.88533606,1572.08083344
57.16,6.72766915,259.20013428,-1813.43029785,-883.88533606,1572.08083344
57.31,6.43655469,259.20013428,-1812.93688965,-882.75562880,1572.15459114
57.36,6.43655469,259.20013428,-1812.93688965,-882.75562880,1572.15459114
57.51,6.25303604,259.20013428,-1812.30871582,-881.57708723,1572.10036228
57.56,6.25303604,259.20013428,-1812.30871582,-881.57708723,1572.10036228
57.72,6.14922825,259.20013428,-1811.65905762,-880.37416900,1572.03452248
57.77,6.14922825,259.20013428,-1811.65905762,-880.37416900,1572.03452248
57.92,6.15335862,259.20013428,-1811.01489258,-879.11683403,1572.00527566
57.97,6.15335862,259.20013428,-1811.01489258,-879.11683403,1572.00527566
58.12,5.71711272,259.20013428,-1810.53466797,-878.21121273,1571.96493226
58.17,5.71711272,259.20013428,-1810.53466797,-878.21121273,1571.96493226
58.32,5.43748244,259.20013428,-1809.92675781,-877.27655369,1571.79400824
58.37,5.43748244,259.20013428,-1809.92675781,-877.27655369,1571.79400824
58.52,5.31292780,259.20013428,-1809.42150879,-876.27680525,1571.77746048
58.57,5.31292780,259.20013428,-1809.42150879,-876.27680525,1571.77746048
58.72,5.36244415,259.20013428,-1808.87011719,-875.17539239,1571.76444416
58.77,5.36244415,259.20013428,-1808.87011719,-875.17539239,1571.76444416
58.92,5.30956619,259.20013428,-1808.37695312,-874.13157829,1571.78541635
58.97,5.30956619,259.20013428,-1808.37695312,-874.13157829,1571.78541635
59.12,5.36870973,259.20013428,-1807.90637207,-873.01768918,1571.87101054
59.17,5.36870973,259.20013428,-1807.90637207,-873.01768918,1571.87101054
59.32,5.39975374,259.20013428,-1807.40637207,-871.91553851,1571.91547293
59.37,5.39975374,259.20013428,-1807.40637207,-871.91553851,1571.91547293
59.52,5.40890897,259.20013428,-1806.96398926,-870.83386407,1572.01413160
59.57,5.40890897,259.20013428,-1806.96398926,-870.83386407,1572.01413160
59.73,5.43501179,259.20013428,-1806.34106445,-869.72715496,1571.91935941
59.78,5.43501179,259.20013428,-1806.34106445,-869.72715496,1571.91935941
59.93,5.42021261,259.20013428,-1805.71447754,-868.64092246,1571.80827580
59.98,5.42021261,259.20013428,-1805.71447754,-868.64092246,1571.80827580
60.13,5.43463346,259.20013428,-1805.07006836,-867.54815428,1571.67990104
60.18,5.43463346,259.20013428,-1805.07006836,-867.54815428,1571.67990104
60.32,5.47258393,259.20013428,-1804.36523438,-866.44575895,1571.48727350
60.37,5.47258393,259.20013428,-1804.36523438,-866.44575895,1571.48727350
60.53,5.40425860,259.20013428,-1803.63989258,-865.42178918,1571.22722967
60.58,5.40425860,259.20013428,-1803.63989258,-865.42178918,1571.22722967
60.73,5.39716972,259.20013428,-1802.95556641,-864.37306090,1571.02720408
60.78,5.39716972,259.20013428,-1802.95556641,-864.37306090,1571.02720408
60.93,5.32963450,259.20013428,-1802.20397949,-863.39364005,1570.71149739
60.98,5.32963450,259.20013428,-1802.20397949,-863.39364005,1570.71149739
61.13,5.31496273,259.20013428,-1801.46936035,-862.38083008,1570.43346371
61.18,5.31496273,259.20013428,-1801.46936035,-862.38083008,1570.43346371
61.33,5.23079364,259.20013428,-1800.67871094,-861.45338443,1570.04366585
61.38,5.23079364,259.20013428,-1800.67871094,-861.45338443,1570.04366585
61.53,5.29356532,259.20013428,-1799.79956055,-860.46603378,1569.58561572
61.58,5.29356532,259.20013428,-1799.79956055,-860.46603378,1569.58561572
61.72,5.23252063,259.20013428,-1798.99108887,-859.54919938,1569.16895317
61.77,5.23252063,259.20013428,-1798.99108887,-859.54919938,1569.16895317
63.15,5.39464006,259.20013428,-1797.95715332,-858.55234377,1568.53879212
63.20,5.39464006,259.20013428,-1797.95715332,-858.55234377,1568.53879212
63.15,5.36227651,259.20013428,-1797.00964355,-857.68474773,1567.93581004
63.20,5.36227651,259.20013428,-1797.00964355,-857.68474773,1567.93581004
63.15,5.19669477,259.20013428,-1796.13427734,-856.93036679,1567.35247394
63.20,5.19669477,259.20013428,-1796.13427734,-856.93036679,1567.35247394
63.16,5.10877991,259.20013428,-1795.19470215,-856.24782551,1566.65610125
63.21,5.10877991,259.20013428,-1795.19470215,-856.24782551,1566.65610125
63.16,5.03523577,259.20013428,-1794.23803711,-855.61853318,1565.91069555
63.21,5.03523577,259.20013428,-1794.23803711,-855.61853318,1565.91069555
63.18,4.92609220,259.20013428,-1793.29724121,-855.10629674,1565.11875317
63.23,4.92609220,259.20013428,-1793.29724121,-855.10629674,1565.11875317
63.19,4.87244997,259.20013428,-1792.35375977,-854.56786165,1564.33836885
63.24,4.87244997,259.20013428,-1792.35375977,-854.56786165,1564.33836885
63.34,4.84729825,259.20013428,-1791.40356445,-853.99335018,1563.57005155
63.39,4.84729825,259.20013428,-1791.40356445,-853.99335018,1563.57005155
63.54,4.78882702,259.20013428,-1790.47705078,-853.43651834,1562.81908289
63.59,4.78882702,259.20013428,-1790.47705078,-853.43651834,1562.81908289
63.74,4.89865470,259.20013428,-1789.43041992,-852.91875745,1561.90944220
63.79,4.89865470,259.20013428,-1789.43041992,-852.91875745,1561.90944220
63.94,4.88055975,259.20013428,-1788.46643066,-852.44940350,1561.06740720
63.99,4.88055975,259.20013428,-1788.46643066,-852.44940350,1561.06740720
64.14,4.84274203,259.20013428,-1787.52172852,-852.05125616,1560.20812973
64.19,4.84274203,259.20013428,-1787.52172852,-852.05125616,1560.20812973
64.34,4.84352052,259.20013428,-1786.55456543,-851.69800496,1559.29850027
64.39,4.84352052,259.20013428,-1786.55456543,-851.69800496,1559.29850027
64.54,4.90920270,259.20013428,-1785.55859375,-851.42388023,1558.31217629
64.59,4.90920270,259.20013428,-1785.55859375,-851.42388023,1558.31217629
64.74,5.00897925,259.20013428,-1784.53503418,-851.16780898,1557.28447951
64.79,5.00897925,259.20013428,-1784.53503418,-851.16780898,1557.28447951
64.95,4.96960596,259.20013428,-1783.58288574,-850.88342072,1556.35365933
65.00,4.96960596,259.20013428,-1783.58288574,-850.88342072,1556.35365933
65.15,5.25641989,259.20013428,-1782.39758301,-850.55313607,1555.18202069
65.20,5.25641989,259.20013428,-1782.39758301,-850.55313607,1555.18202069
65.35,5.39041382,259.20013428,-1781.28820801,-850.28773574,1554.06116753
65.40,5.39041382,259.20013428,-1781.28820801,-850.28773574,1554.06116753
65.55,5.50842179,259.20013428,-1780.15856934,-850.04675413,1552.90355678
65.60,5.50842179,259.20013428,-1780.15856934,-850.04675413,1552.90355678
65.75,5.44901069,259.20013428,-1779.16406250,-849.86685049,1551.86668578
65.80,5.44901069,259.20013428,-1779.16406250,-849.86685049,1551.86668578
65.95,5.29300147,259.20013428,-1778.25170898,-849.72692794,1550.90136337
66.00,5.29300147,259.20013428,-1778.25170898,-849.72692794,1550.90136337
66.15,5.19419133,259.20013428,-1777.31054688,-849.53386681,1549.93240039
66.20,5.19419133,259.20013428,-1777.31054688,-849.53386681,1549.93240039
66.35,5.15594047,259.20013428,-1776.34643555,-849.36324172,1548.92483973
66.40,5.15594047,259.20013428,-1776.34643555,-849.36324172,1548.92483973
66.55,5.07036391,259.20013428,-1775.43505859,-849.19828995,1547.97436048
66.60,5.07036391,259.20013428,-1775.43505859,-849.19828995,1547.97436048
66.75,5.05413718,259.20013428,-1774.47448730,-849.02047687,1546.97459955
66.80,5.05413718,259.20013428,-1774.47448730,-849.02047687,1546.97459955
66.95,4.97805102,259.20013428,-1773.57604980,-848.84878214,1546.04251174
67.00,4.97805102,259.20013428,-1773.57604980,-848.84878214,1546.04251174
67.16,5.01605372,259.20013428,-1772.58300781,-848.62327732,1545.03182132
67.21,5.01605372,259.20013428,-1772.58300781,-848.62327732,1545.03182132
67.36,5.04388182,259.20013428,-1771.59265137,-848.38766108,1544.03004402
67.41,5.04388182,259.20013428,-1771.59265137,-848.38766108,1544.03004402
67.56,4.93388874,259.20013428,-1770.72436523,-848.25684509,1543.10948631
67.61,4.93388874,259.20013428,-1770.72436523,-848.25684509,1543.10948631
67.76,5.06685838,259.20013428,-1769.71691895,-848.12790623,1542.02872887
67.81,5.06685838,259.20013428,-1769.71691895,-848.12790623,1542.02872887
67.96,5.10291533,259.20013428,-1768.74157715,-847.95884528,1541.00685951
68.01,5.10291533,259.20013428,-1768.74157715,-847.95884528,1541.00685951
68.17,5.12221473,259.20013428,-1767.75500488,-847.77448256,1539.98051083
68.22,5.12221473,259.20013428,-1767.75500488,-847.77448256,1539.98051083
68.36,5.31343340,259.20013428,-1766.64843750,-847.57620925,1538.82447793
68.41,5.31343340,259.20013428,-1766.64843750,-847.57620925,1538.82447793
68.56,5.20210093,259.20013428,-1765.73132324,-847.44651290,1537.84718053
68.61,5.20210093,259.20013428,-1765.73132324,-847.44651290,1537.84718053
68.77,5.07979913,259.20013428,-1764.83312988,-847.28408335,1536.90950077
68.82,5.07979913,259.20013428,-1764.83312988,-847.28408335,1536.90950077
68.97,5.37617005,259.20013428,-1763.65515137,-847.06474576,1535.68317233
69.02,5.37617005,259.20013428,-1763.65515137,-847.06474576,1535.68317233
69.18,5.42839947,259.20013428,-1762.57739258,-846.81796671,1534.58691881
69.23,5.42839947,259.20013428,-1762.57739258,-846.81796671,1534.58691881
69.37,5.31998453,259.20013428,-1761.61547852,-846.60169360,1533.60621211
69.42,5.31998453,259.20013428,-1761.61547852,-846.60169360,1533.60621211
69.56,5.15161871,259.20013428,-1760.71325684,-846.39518890,1532.68841466
69.61,5.15161871,259.20013428,-1760.71325684,-846.39518890,1532.68841466
69.76,5.11524060,259.20013428,-1759.76013184,-846.19773830,1531.70705300
69.81,5.11524060,259.20013428,-1759.76013184,-846.19773830,1531.70705300
69.96,5.01243457,259.20013428,-1758.89318848,-846.07250559,1530.78405076
70.01,5.01243457,259.20013428,-1758.89318848,-846.07250559,1530.78405076
70.17,5.12240195,259.20013428,-1757.86779785,-845.88511571,1529.71428685
70.22,5.12240195,259.20013428,-1757.86779785,-845.88511571,1529.71428685
70.37,5.20090894,259.20013428,-1756.85949707,-845.65808405,1528.68601677
70.42,5.20090894,259.20013428,-1756.85949707,-845.65808405,1528.68601677
70.57,5.23780156,259.20013428,-1755.82543945,-845.40143183,1527.64489050
70.62,5.23780156,259.20013428,-1755.82543945,-845.40143183,1527.64489050
70.77,4.92699471,259.20013428,-1755.02343750,-845.22325485,1526.82561149
70.82,4.92699471,259.20013428,-1755.02343750,-845.22325485,1526.82561149
70.96,4.90936929,259.20013428,-1754.09265137,-844.97482747,1525.89805608
71.01,4.90936929,259.20013428,-1754.09265137,-844.97482747,1525.89805608
71.17,4.62691300,259.20013428,-1753.32751465,-844.76468375,1525.13888824
71.22,4.62691300,259.20013428,-1753.32751465,-844.76468375,1525.13888824
71.36,4.67949792,259.20013428,-1752.38745117,-844.49142530,1524.21445594
71.41,4.67949792,259.20013428,-1752.38745117,-844.49142530,1524.21445594
71.57,4.58712800,259.20013428,-1751.52270508,-844.17729043,1523.39939038
71.62,4.58712800,259.20013428,-1751.52270508,-844.17729043,1523.39939038
71.77,4.54863387,259.20013428,-1750.63305664,-843.82959884,1522.57446232
71.82,4.54863387,259.20013428,-1750.63305664,-843.82959884,1522.57446232
71.96,4.56100680,259.20013428,-1749.71667480,-843.45443249,1521.73423903
72.01,4.56100680,259.20013428,-1749.71667480,-843.45443249,1521.73423903
72.17,4.57135009,259.20013428,-1748.79675293,-843.09385458,1520.88185314
72.22,4.57135009,259.20013428,-1748.79675293,-843.09385458,1520.88185314
72.37,4.56951735,259.20013428,-1747.89294434,-842.75834246,1520.03385087
72.42,4.56951735,259.20013428,-1747.89294434,-842.75834246,1520.03385087
72.58,4.58375337,259.20013428,-1746.96911621,-842.38249525,1519.18545838
72.63,4.58375337,259.20013428,-1746.96911621,-842.38249525,1519.18545838
72.78,4.76145566,259.20013428,-1745.92028809,-841.97157867,1518.21344758
72.83,4.76145566,259.20013428,-1745.92028809,-841.97157867,1518.21344758
72.97,4.99173701,259.20013428,-1744.79284668,-841.52567364,1517.17086062
73.02,4.99173701,259.20013428,-1744.79284668,-841.52567364,1517.17086062
73.17,5.21192580,259.20013428,-1743.62915039,-841.10814077,1516.07089262
73.22,5.21192580,259.20013428,-1743.62915039,-841.10814077,1516.07089262
73.38,5.38835178,259.20013428,-1742.44702148,-840.65996215,1514.96708601
73.43,5.38835178,259.20013428,-1742.44702148,-840.65996215,1514.96708601
73.58,5.55788726,259.20013428,-1741.26354980,-840.26149212,1513.83357512
73.63,5.55788726,259.20013428,-1741.26354980,-840.26149212,1513.83357512
73.78,5.68916282,259.20013428,-1740.07531738,-839.87857836,1512.68598634
73.83,5.68916282,259.20013428,-1740.07531738,-839.87857836,1512.68598634
73.98,5.76494946,259.20013428,-1738.90417480,-839.50632170,1511.55199872
74.03,5.76494946,259.20013428,-1738.90417480,-839.50632170,1511.55199872
74.18,5.55157601,259.20013428,-1737.91479492,-839.18583886,1510.59730585
74.23,5.55157601,259.20013428,-1737.91479492,-839.18583886,1510.59730585
74.38,5.57291136,259.20013428,-1736.80517578,-838.82995132,1509.52461507
74.43,5.57291136,259.20013428,-1736.80517578,-838.82995132,1509.52461507
74.57,5.51612175,259.20013428,-1735.75671387,-838.50174516,1508.50643338
74.62,5.51612175,259.20013428,-1735.75671387,-838.50174516,1508.50643338
74.78,5.58107372,259.20013428,-1734.63610840,-838.20616124,1507.38717026
74.83,5.58107372,259.20013428,-1734.63610840,-838.20616124,1507.38717026
74.98,5.62948625,259.20013428,-1733.51489258,-837.90737762,1506.26886649
75.03,5.62948625,259.20013428,-1733.51489258,-837.90737762,1506.26886649
75.18,5.60913812,259.20013428,-1732.43518066,-837.62105921,1505.19126539
75.23,5.60913812,259.20013428,-1732.43518066,-837.62105921,1505.19126539
75.38,5.55325367,259.20013428,-1731.39746094,-837.37798278,1504.13750229
75.43,5.55325367,259.20013428,-1731.39746094,-837.37798278,1504.13750229
75.59,5.42201374,259.20013428,-1730.43151855,-837.19643399,1503.13118716
75.64,5.42201374,259.20013428,-1730.43151855,-837.19643399,1503.13118716
75.79,5.48998241,259.20013428,-1729.36486816,-837.02788801,1502.00212641
75.84,5.48998241,259.20013428,-1729.36486816,-837.02788801,1502.00212641
75.99,5.58910565,259.20013428,-1728.24267578,-836.79030217,1500.84807444
76.04,5.58910565,259.20013428,-1728.24267578,-836.79030217,1500.84807444
76.19,5.62919993,259.20013428,-1727.14953613,-836.57730037,1499.71325349
76.24,5.62919993,259.20013428,-1727.14953613,-836.57730037,1499.71325349
76.39,5.73291878,259.20013428,-1725.99438477,-836.33271426,1498.52511027
76.44,5.73291878,259.20013428,-1725.99438477,-836.33271426,1498.52511027
76.59,5.84771903,259.20013428,-1724.81542969,-836.08218159,1497.31282273
76.64,5.84771903,259.20013428,-1724.81542969,-836.08218159,1497.31282273
76.80,5.88315868,259.20013428,-1723.67138672,-835.86646040,1496.12100166
76.85,5.88315868,259.20013428,-1723.67138672,-835.86646040,1496.12100166
76.99,5.99314419,259.20013428,-1722.49157715,-835.62595690,1494.90183122
77.04,5.99314419,259.20013428,-1722.49157715,-835.62595690,1494.90183122
77.19,6.09720162,259.20013428,-1721.28527832,-835.39413661,1493.64730017
77.24,6.09720162,259.20013428,-1721.28527832,-835.39413661,1493.64730017
77.39,6.20837671,259.20013428,-1720.04846191,-835.15046376,1492.36443662
77.44,6.20837671,259.20013428,-1720.04846191,-835.15046376,1492.36443662
77.59,6.20396848,259.20013428,-1718.89111328,-834.98170357,1491.13011744
77.64,6.20396848,259.20013428,-1718.89111328,-834.98170357,1491.13011744
77.80,6.17109075,259.20013428,-1717.73461914,-834.75545422,1489.92941859
77.85,6.17109075,259.20013428,-1717.73461914,-834.75545422,1489.92941859
78.00,6.12839629,259.20013428,-1716.59069824,-834.51547888,1488.75061623
78.05,6.12839629,259.20013428,-1716.59069824,-834.51547888,1488.75061623
78.20,6.08623746,259.20013428,-1715.44555664,-834.26256271,1487.57779869
78.25,6.08623746,259.20013428,-1715.44555664,-834.26256271,1487.57779869
78.40,6.03497736,259.20013428,-1714.32543945,-834.03130505,1486.42136907
78.45,6.03497736,259.20013428,-1714.32543945,-834.03130505,1486.42136907
78.60,6.11671836,259.20013428,-1713.12060547,-833.78503244,1485.17587762
78.65,6.11671836,259.20013428,-1713.12060547,-833.78503244,1485.17587762
78.80,6.15306544,259.20013428,-1711.93811035,-833.56231360,1483.94270718
78.85,6.15306544,259.20013428,-1711.93811035,-833.56231360,1483.94270718
79.00,6.13664897,259.20013428,-1710.79382324,-833.36692865,1482.73797430
79.05,6.13664897,259.20013428,-1710.79382324,-833.36692865,1482.73797430
79.20,6.05338134,259.20013428,-1709.68701172,-833.16789238,1481.57796075
79.25,6.05338134,259.20013428,-1709.68701172,-833.16789238,1481.57796075
79.40,6.04209658,259.20013428,-1708.55236816,-832.96906270,1480.38596240
79.45,6.04209658,259.20013428,-1708.55236816,-832.96906270,1480.38596240
79.60,6.00308292,259.20013428,-1707.43090820,-832.74814343,1479.22138754
79.65,6.00308292,259.20013428,-1707.43090820,-832.74814343,1479.22138754
79.81,5.93053874,259.20013428,-1706.33605957,-832.50462639,1478.10028229
79.86,5.93053874,259.20013428,-1706.33605957,-832.50462639,1478.10028229
80.00,5.87495643,259.20013428,-1705.26049805,-832.32207116,1476.96666870
80.05,5.87495643,259.20013428,-1705.26049805,-832.32207116,1476.96666870
80.20,5.80802137,259.20013428,-1704.20312500,-832.13028364,1475.85902804
80.25,5.80802137,259.20013428,-1704.20312500,-832.13028364,1475.85902804
80.41,5.71363943,259.20013428,-1703.18591309,-831.96194125,1474.78422680
80.46,5.71363943,259.20013428,-1703.18591309,-831.96194125,1474.78422680
80.60,5.59750690,259.20013428,-1702.19226074,-831.80394531,1473.73051025
80.65,5.59750690,259.20013428,-1702.19226074,-831.80394531,1473.73051025
80.81,5.57548299,259.20013428,-1701.17785645,-831.67483914,1472.63627445
80.86,5.57548299,259.20013428,-1701.17785645,-831.67483914,1472.63627445
81.00,5.39693029,259.20013428,-1700.24743652,-831.50887640,1471.65981678
81.05,5.39693029,259.20013428,-1700.24743652,-831.50887640,1471.65981678
81.21,5.41182672,259.20013428,-1699.21740723,-831.31499980,1470.58422498
81.26,5.41182672,259.20013428,-1699.21740723,-831.31499980,1470.58422498
81.41,5.26576612,259.20013428,-1698.29272461,-831.15426077,1469.61119391
81.46,5.26576612,259.20013428,-1698.29272461,-831.15426077,1469.61119391
81.61,5.28136549,259.20013428,-1697.30395508,-830.99844967,1468.56141950
81.66,5.28136549,259.20013428,-1697.30395508,-830.99844967,1468.56141950
81.81,5.33627273,259.20013428,-1696.28369141,-830.82871011,1467.48298017
81.86,5.33627273,259.20013428,-1696.28369141,-830.82871011,1467.48298017
82.01,5.47680819,259.20013428,-1695.21020508,-830.70902994,1466.31481029
82.06,5.47680819,259.20013428,-1695.21020508,-830.70902994,1466.31481029
82.21,5.57717982,259.20013428,-1694.13488770,-830.58162108,1465.14858907
82.26,5.57717982,259.20013428,-1694.13488770,-830.58162108,1465.14858907
82.41,5.56999095,259.20013428,-1693.11279297,-830.45354362,1464.04405679
82.46,5.56999095,259.20013428,-1693.11279297,-830.45354362,1464.04405679
82.61,5.62540589,259.20013428,-1692.02966309,-830.29208092,1462.88804407
82.66,5.62540589,259.20013428,-1692.02966309,-830.29208092,1462.88804407
82.82,5.69389392,259.20013428,-1690.94628906,-830.13900808,1461.72695893
82.87,5.69389392,259.20013428,-1690.94628906,-830.13900808,1461.72695893
83.01,5.51188102,259.20013428,-1689.97644043,-829.93003176,1460.72862526
83.06,5.51188102,259.20013428,-1689.97644043,-829.93003176,1460.72862526
83.21,5.55118970,259.20013428,-1688.94177246,-829.81657202,1459.60057725
83.26,5.55118970,259.20013428,-1688.94177246,-829.81657202,1459.60057725
83.42,5.67754467,259.20013428,-1687.84216309,-829.67870289,1458.41167187
83.47,5.67754467,259.20013428,-1687.84216309,-829.67870289,1458.41167187
83.62,5.69756653,259.20013428,-1686.79589844,-829.55269551,1457.27717792
83.67,5.69756653,259.20013428,-1686.79589844,-829.55269551,1457.27717792
83.82,6.10978666,259.20013428,-1685.44836426,-829.38694455,1455.81790757
83.87,6.10978666,259.20013428,-1685.44836426,-829.38694455,1455.81790757
84.02,5.96605493,259.20013428,-1684.42175293,-829.21692409,1454.73124427
84.07,5.96605493,259.20013428,-1684.42175293,-829.21692409,1454.73124427
84.22,5.62791723,259.20013428,-1683.53918457,-829.04091181,1453.81405852
84.27,5.62791723,259.20013428,-1683.53918457,-829.04091181,1453.81405852
84.42,5.42481689,259.20013428,-1682.61450195,-828.85155056,1452.85595603
84.47,5.42481689,259.20013428,-1682.61450195,-828.85155056,1452.85595603
84.62,5.42884840,259.20013428,-1681.58044434,-828.64697608,1451.78024364
84.67,5.42884840,259.20013428,-1681.58044434,-828.64697608,1451.78024364
84.82,5.55986125,259.20013428,-1680.49768066,-828.50162425,1450.61407679
84.87,5.55986125,259.20013428,-1680.49768066,-828.50162425,1450.61407679
85.02,5.62033345,259.20013428,-1679.42822266,-828.35966038,1449.46116456
85.07,5.62033345,259.20013428,-1679.42822266,-828.35966038,1449.46116456
85.22,5.79046573,259.20013428,-1678.27355957,-828.21895628,1448.20907620
85.27,5.79046573,259.20013428,-1678.27355957,-828.21895628,1448.20907620
85.43,5.84744137,259.20013428,-1677.14038086,-828.00986713,1447.02094813
85.48,5.84744137,259.20013428,-1677.14038086,-828.00986713,1447.02094813
85.63,5.93134721,259.20013428,-1675.96191406,-827.75965590,1445.80448073
85.68,5.93134721,259.20013428,-1675.96191406,-827.75965590,1445.80448073
85.83,5.67803743,259.20013428,-1674.99560547,-827.51805270,1444.82777645
85.88,5.67803743,259.20013428,-1674.99560547,-827.51805270,1444.82777645
86.03,5.27597519,259.20013428,-1674.19812012,-827.34780215,1444.00491940
86.08,5.27597519,259.20013428,-1674.19812012,-827.34780215,1444.00491940
