59.12,0.00000000,259.20013428,-1717.64599609,-837.81405235,1488.09196737
59.17,0.00000000,259.20013428,-1717.64599609,-837.81405235,1488.09196737
59.32,0.18921101,259.20013428,-1717.52001953,-837.76728417,1487.97356983
59.37,0.18921101,259.20013428,-1717.52001953,-837.76728417,1487.97356983
59.52,0.10152487,259.20013428,-1717.52197266,-837.76100816,1487.97940243
59.57,0.10152487,259.20013428,-1717.52197266,-837.76100816,1487.97940243
59.73,0.40862238,259.20013428,-1717.41735840,-837.58044815,1487.96179522
59.78,0.40862238,259.20013428,-1717.41735840,-837.58044815,1487.96179522
59.93,0.38303903,259.20013428,-1717.41015625,-837.55342355,1487.96888120
59.98,0.38303903,259.20013428,-1717.41015625,-837.55342355,1487.96888120
60.13,0.33074819,259.20013428,-1717.37988281,-837.55328062,1487.93402488
60.18,0.33074819,259.20013428,-1717.37988281,-837.55328062,1487.93402488
60.32,0.27514932,259.20013428,-1717.41064453,-837.55540551,1487.96825417
60.37,0.27514932,259.20013428,-1717.41064453,-837.55540551,1487.96825417
60.53,0.23143511,259.20013428,-1717.42468262,-837.55235712,1487.98614309
60.58,0.23143511,259.20013428,-1717.42468262,-837.55235712,1487.98614309
60.73,0.17231540,259.20013428,-1717.43994141,-837.55478075,1488.00231822
60.78,0.17231540,259.20013428,-1717.43994141,-837.55478075,1488.00231822
60.93,0.05751035,259.20013428,-1717.48840332,-837.60571700,1488.02910110
60.98,0.05751035,259.20013428,-1717.48840332,-837.60571700,1488.02910110
61.13,0.07555534,259.20013428,-1717.47998047,-837.66380937,1487.98629062
61.18,0.07555534,259.20013428,-1717.47998047,-837.66380937,1487.98629062
61.33,0.00995510,259.20013428,-1717.48828125,-837.64394524,1488.00717497
61.38,0.00995510,259.20013428,-1717.48828125,-837.64394524,1488.00717497
61.53,0.08664746,259.20013428,-1717.46752930,-837.67077293,1487.96810942
61.58,0.08664746,259.20013428,-1717.46752930,-837.67077293,1487.96810942
61.72,0.03585148,259.20013428,-1717.48974609,-837.67118805,1487.99335891
61.77,0.03585148,259.20013428,-1717.48974609,-837.67118805,1487.99335891
63.15,0.15330458,259.20013428,-1717.46154785,-837.72908904,1487.92795937
63.20,0.15330458,259.20013428,-1717.46154785,-837.72908904,1487.92795937
63.15,0.12360210,259.20013428,-1717.48583984,-837.75723565,1487.93991257
63.20,0.12360210,259.20013428,-1717.48583984,-837.75723565,1487.93991257
63.15,0.10235463,259.20013428,-1717.52294922,-837.78717556,1487.96559580
63.20,0.10235463,259.20013428,-1717.52294922,-837.78717556,1487.96559580
63.16,0.13770380,259.20013428,-1717.53491211,-837.81518824,1487.96332956
63.21,0.13770380,259.20013428,-1717.53491211,-837.81518824,1487.96332956
63.16,0.19593864,259.20013428,-1717.56445312,-837.85323461,1487.97579742
63.21,0.19593864,259.20013428,-1717.56445312,-837.85323461,1487.97579742
63.18,0.17841808,259.20013428,-1717.39160156,-837.83345321,1487.78821809
63.23,0.17841808,259.20013428,-1717.39160156,-837.83345321,1487.78821809
63.19,0.13825730,259.20013428,-1717.43945312,-837.86710936,1487.82408399
63.24,0.13825730,259.20013428,-1717.43945312,-837.86710936,1487.82408399
63.34,0.10660400,259.20013428,-1717.50036621,-837.92018369,1487.86405202
63.39,0.10660400,259.20013428,-1717.50036621,-837.92018369,1487.86405202
63.54,0.25160416,259.20013428,-1717.43884277,-837.95345774,1487.77433150
63.59,0.25160416,259.20013428,-1717.43884277,-837.95345774,1487.77433150
63.74,0.23684108,259.20013428,-1717.47180176,-837.99225444,1487.78998691
63.79,0.23684108,259.20013428,-1717.47180176,-837.99225444,1487.78998691
63.94,0.22207820,259.20013428,-1717.53027344,-838.03901637,1487.83075546
63.99,0.22207820,259.20013428,-1717.53027344,-838.03901637,1487.83075546
64.14,0.25024281,259.20013428,-1717.60363770,-838.09277307,1487.88452866
64.19,0.25024281,259.20013428,-1717.60363770,-838.09277307,1487.88452866
64.34,0.22562585,259.20013428,-1717.61193848,-838.10785469,1487.88561784
64.39,0.22562585,259.20013428,-1717.61193848,-838.10785469,1487.88561784
64.54,0.07415933,259.20013428,-1717.45861816,-838.08994994,1487.71931996
64.59,0.07415933,259.20013428,-1717.45861816,-838.08994994,1487.71931996
64.74,0.06347644,259.20013428,-1717.44934082,-838.09327265,1487.70676214
64.79,0.06347644,259.20013428,-1717.44934082,-838.09327265,1487.70676214
64.95,0.07494885,259.20013428,-1717.37646484,-838.10639740,1487.61553194
65.00,0.07494885,259.20013428,-1717.37646484,-838.10639740,1487.61553194
65.15,0.17568659,259.20013428,-1717.22204590,-838.09780466,1487.44268544
65.20,0.17568659,259.20013428,-1717.22204590,-838.09780466,1487.44268544
65.35,0.33378621,259.20013428,-1717.11621094,-838.08212288,1487.32972389
65.40,0.33378621,259.20013428,-1717.11621094,-838.08212288,1487.32972389
65.55,0.45334829,259.20013428,-1716.98449707,-838.02376505,1487.21142742
65.60,0.45334829,259.20013428,-1716.98449707,-838.02376505,1487.21142742
65.75,0.60679129,259.20013428,-1716.81042480,-837.96846551,1487.04261345
65.80,0.60679129,259.20013428,-1716.81042480,-837.96846551,1487.04261345
65.95,0.51804128,259.20013428,-1716.75512695,-837.94305456,1486.99352456
66.00,0.51804128,259.20013428,-1716.75512695,-837.94305456,1486.99352456
66.15,0.33611623,259.20013428,-1716.78662109,-837.93452753,1487.03460004
66.20,0.33611623,259.20013428,-1716.78662109,-837.93452753,1487.03460004
66.35,0.48688427,259.20013428,-1716.58666992,-837.91719367,1486.81437765
66.40,0.48688427,259.20013428,-1716.58666992,-837.91719367,1486.81437765
66.55,0.22583895,259.20013428,-1716.69018555,-837.96018618,1486.90894397
66.60,0.22583895,259.20013428,-1716.69018555,-837.96018618,1486.90894397
66.75,0.12792818,259.20013428,-1716.71325684,-838.00872963,1486.90797564
66.80,0.12792818,259.20013428,-1716.71325684,-838.00872963,1486.90797564
66.95,0.23101283,259.20013428,-1716.96093750,-838.11695738,1487.13132709
67.00,0.23101283,259.20013428,-1716.96093750,-838.11695738,1487.13132709
67.16,0.50761829,259.20013428,-1717.22570801,-838.25150357,1487.35936782
67.21,0.50761829,259.20013428,-1717.22570801,-838.25150357,1487.35936782
67.36,0.15486723,259.20013428,-1717.05566406,-838.17373101,1487.20802586
67.41,0.15486723,259.20013428,-1717.05566406,-838.17373101,1487.20802586
67.56,0.32487188,259.20013428,-1717.21997070,-838.26413302,1487.34559351
67.61,0.32487188,259.20013428,-1717.21997070,-838.26413302,1487.34559351
67.76,0.15483844,259.20013428,-1716.91601562,-838.10344877,1487.08725041
67.81,0.15483844,259.20013428,-1716.91601562,-838.10344877,1487.08725041
67.96,0.23279615,259.20013428,-1716.81665039,-838.04017870,1487.00896118
68.01,0.23279615,259.20013428,-1716.81665039,-838.04017870,1487.00896118
68.17,0.13474632,259.20013428,-1716.83288574,-838.05679878,1487.01818259
68.22,0.13474632,259.20013428,-1716.83288574,-838.05679878,1487.01818259
68.36,0.11633827,259.20013428,-1716.75744629,-838.02228899,1486.95106732
68.41,0.11633827,259.20013428,-1716.75744629,-838.02228899,1486.95106732
68.56,0.06294415,259.20013428,-1716.71667480,-838.02922004,1486.90012889
68.61,0.06294415,259.20013428,-1716.71667480,-838.02922004,1486.90012889
68.77,0.06428195,259.20013428,-1716.67028809,-838.02910127,1486.84674737
68.82,0.06428195,259.20013428,-1716.67028809,-838.02910127,1486.84674737
68.97,0.04305150,259.20013428,-1716.72900391,-838.09091617,1486.87913075
69.02,0.04305150,259.20013428,-1716.72900391,-838.09091617,1486.87913075
69.18,0.01213444,259.20013428,-1716.70373535,-838.08411738,1486.85406462
69.23,0.01213444,259.20013428,-1716.70373535,-838.08411738,1486.85406462
69.37,0.11128636,259.20013428,-1716.78381348,-838.14439687,1486.91189738
69.42,0.11128636,259.20013428,-1716.78381348,-838.14439687,1486.91189738
69.56,0.17863599,259.20013428,-1716.84497070,-838.17974420,1486.96204029
69.61,0.17863599,259.20013428,-1716.84497070,-838.17974420,1486.96204029
69.76,0.05821335,259.20013428,-1716.72924805,-838.12803496,1486.85840277
69.81,0.05821335,259.20013428,-1716.72924805,-838.12803496,1486.85840277
69.96,0.04523368,259.20013428,-1716.72473145,-838.13253840,1486.85056306
70.01,0.04523368,259.20013428,-1716.72473145,-838.13253840,1486.85056306
70.17,0.08883280,259.20013428,-1716.80053711,-838.18347656,1486.90885556
70.22,0.08883280,259.20013428,-1716.80053711,-838.18347656,1486.90885556
70.37,0.17426359,259.20013428,-1716.86657715,-838.23057736,1486.95795432
70.42,0.17426359,259.20013428,-1716.86657715,-838.23057736,1486.95795432
70.57,0.01498598,259.20013428,-1716.75842285,-838.16901511,1486.86858728
70.62,0.01498598,259.20013428,-1716.75842285,-838.16901511,1486.86858728
70.77,0.04688592,259.20013428,-1716.71984863,-838.15440314,1486.83253752
70.82,0.04688592,259.20013428,-1716.71984863,-838.15440314,1486.83253752
70.96,0.03802168,259.20013428,-1716.74975586,-838.19719409,1486.84255736
71.01,0.03802168,259.20013428,-1716.74975586,-838.19719409,1486.84255736
71.17,0.07553671,259.20013428,-1716.73522949,-838.21007860,1486.81844943
71.22,0.07553671,259.20013428,-1716.73522949,-838.21007860,1486.81844943
71.36,0.12881425,259.20013428,-1716.72436523,-838.23608201,1486.79125706
71.41,0.12881425,259.20013428,-1716.72436523,-838.23608201,1486.79125706
71.57,0.16109945,259.20013428,-1716.70251465,-838.24899169,1486.75865437
71.62,0.16109945,259.20013428,-1716.70251465,-838.24899169,1486.75865437
71.77,0.18629713,259.20013428,-1716.67614746,-838.25392393,1486.72553082
71.82,0.18629713,259.20013428,-1716.67614746,-838.25392393,1486.72553082
71.96,0.21102363,259.20013428,-1716.63232422,-838.23775541,1486.68434665
72.01,0.21102363,259.20013428,-1716.63232422,-838.23775541,1486.68434665
72.17,0.23596039,259.20013428,-1716.58166504,-838.20736214,1486.64335392
72.22,0.23596039,259.20013428,-1716.58166504,-838.20736214,1486.64335392
72.37,0.26280821,259.20013428,-1716.53234863,-838.18112891,1486.60138126
72.42,0.26280821,259.20013428,-1716.53234863,-838.18112891,1486.60138126
72.58,0.10037652,259.20013428,-1716.60339355,-838.19613449,1486.67477530
72.63,0.10037652,259.20013428,-1716.60339355,-838.19613449,1486.67477530
72.78,0.02307119,259.20013428,-1716.63671875,-838.20414621,1486.70851901
72.83,0.02307119,259.20013428,-1716.63671875,-838.20414621,1486.70851901
72.97,0.03369676,259.20013428,-1716.66833496,-838.22525789,1486.73287452
73.02,0.03369676,259.20013428,-1716.66833496,-838.22525789,1486.73287452
73.17,0.11967569,259.20013428,-1716.73217773,-838.26920245,1486.78122633
73.22,0.11967569,259.20013428,-1716.73217773,-838.26920245,1486.78122633
73.38,0.13757730,259.20013428,-1716.75256348,-838.30020927,1486.78712478
73.43,0.13757730,259.20013428,-1716.75256348,-838.30020927,1486.78712478
73.58,0.11611549,259.20013428,-1716.75964355,-838.31017869,1486.78949259
73.63,0.11611549,259.20013428,-1716.75964355,-838.31017869,1486.78949259
73.78,0.06490055,259.20013428,-1716.75463867,-838.29819798,1486.79067258
73.83,0.06490055,259.20013428,-1716.75463867,-838.29819798,1486.79067258
73.98,0.02703841,259.20013428,-1716.76989746,-838.29780381,1486.80852394
74.03,0.02703841,259.20013428,-1716.76989746,-838.29780381,1486.80852394
74.18,0.03166634,259.20013428,-1716.79833984,-838.28588988,1486.84796016
74.23,0.03166634,259.20013428,-1716.79833984,-838.28588988,1486.84796016
74.38,0.03247723,259.20013428,-1716.82128906,-838.29183162,1486.87093814
74.43,0.03247723,259.20013428,-1716.82128906,-838.29183162,1486.87093814
74.57,0.02665077,259.20013428,-1716.83544922,-838.29376068,1486.88626930
74.62,0.02665077,259.20013428,-1716.83544922,-838.29376068,1486.88626930
74.78,0.02090083,259.20013428,-1716.84521484,-838.29150009,1486.89871419
74.83,0.02090083,259.20013428,-1716.84521484,-838.29150009,1486.89871419
74.98,0.00333407,259.20013428,-1716.85546875,-838.29802039,1486.90677876
75.03,0.00333407,259.20013428,-1716.85546875,-838.29802039,1486.90677876
75.18,0.02719317,259.20013428,-1716.87390137,-838.31461459,1486.91853245
75.23,0.02719317,259.20013428,-1716.87390137,-838.31461459,1486.91853245
75.38,0.01071664,259.20013428,-1716.87402344,-838.30389758,1486.92477367
75.43,0.01071664,259.20013428,-1716.87402344,-838.30389758,1486.92477367
75.59,0.02738488,259.20013428,-1716.89038086,-838.31443317,1486.93761265
75.64,0.02738488,259.20013428,-1716.89038086,-838.31443317,1486.93761265
75.79,0.00880813,259.20013428,-1716.88659668,-838.30393133,1486.93925700
75.84,0.00880813,259.20013428,-1716.88659668,-838.30393133,1486.93925700
75.99,0.01799162,259.20013428,-1716.87890625,-838.28460628,1486.94138426
76.04,0.01799162,259.20013428,-1716.87890625,-838.28460628,1486.94138426
76.19,0.04573598,259.20013428,-1716.85729980,-838.26265037,1486.92904889
76.24,0.04573598,259.20013428,-1716.85729980,-838.26265037,1486.92904889
76.39,0.04279112,259.20013428,-1716.86022949,-838.26227119,1486.93258260
76.44,0.04279112,259.20013428,-1716.86022949,-838.26227119,1486.93258260
76.59,0.07175054,259.20013428,-1716.84338379,-838.23265196,1486.93006589
76.64,0.07175054,259.20013428,-1716.84338379,-838.23265196,1486.93006589
76.80,0.05008230,259.20013428,-1716.84484863,-838.23971689,1486.92768426
76.85,0.05008230,259.20013428,-1716.84484863,-838.23971689,1486.92768426
76.99,0.06065072,259.20013428,-1716.83276367,-838.22325937,1486.92324818
77.04,0.06065072,259.20013428,-1716.83276367,-838.22325937,1486.92324818
77.19,0.06763547,259.20013428,-1716.84509277,-838.22490489,1486.93647215
77.24,0.06763547,259.20013428,-1716.84509277,-838.22490489,1486.93647215
77.39,0.08208762,259.20013428,-1716.85937500,-838.22664709,1486.95192494
77.44,0.08208762,259.20013428,-1716.85937500,-838.22664709,1486.95192494
77.59,0.00964276,259.20013428,-1716.80310059,-838.20878819,1486.89736328
77.64,0.00964276,259.20013428,-1716.80310059,-838.20878819,1486.89736328
77.80,0.02433929,259.20013428,-1716.78479004,-838.19095826,1486.88643257
77.85,0.02433929,259.20013428,-1716.78479004,-838.19095826,1486.88643257
78.00,0.01798458,259.20013428,-1716.79760742,-838.19402791,1486.89936346
78.05,0.01798458,259.20013428,-1716.79760742,-838.19402791,1486.89936346
78.20,0.09473730,259.20013428,-1716.73474121,-838.14264232,1486.85636112
78.25,0.09473730,259.20013428,-1716.73474121,-838.14264232,1486.85636112
78.40,0.20832861,259.20013428,-1716.65966797,-838.09051417,1486.79971092
78.45,0.20832861,259.20013428,-1716.65966797,-838.09051417,1486.79971092
78.60,0.21139737,259.20013428,-1716.64990234,-838.08969512,1486.78883563
78.65,0.21139737,259.20013428,-1716.64990234,-838.08969512,1486.78883563
78.80,0.27165179,259.20013428,-1716.62072754,-838.09357280,1486.75301960
78.85,0.27165179,259.20013428,-1716.62072754,-838.09357280,1486.75301960
79.00,0.32351369,259.20013428,-1716.58154297,-838.09996474,1486.70431599
79.05,0.32351369,259.20013428,-1716.58154297,-838.09996474,1486.70431599
79.20,0.33866993,259.20013428,-1716.53637695,-838.09747381,1486.65377045
79.25,0.33866993,259.20013428,-1716.53637695,-838.09747381,1486.65377045
79.40,0.29955125,259.20013428,-1716.51928711,-838.10410143,1486.63041971
79.45,0.29955125,259.20013428,-1716.51928711,-838.10410143,1486.63041971
79.60,0.27008247,259.20013428,-1716.49816895,-838.11231254,1486.60138985
79.65,0.27008247,259.20013428,-1716.49816895,-838.11231254,1486.60138985
79.81,0.22210083,259.20013428,-1716.48388672,-838.10947401,1486.58656886
79.86,0.22210083,259.20013428,-1716.48388672,-838.10947401,1486.58656886
80.00,0.11414151,259.20013428,-1716.51330566,-838.10348897,1486.62374977
80.05,0.11414151,259.20013428,-1716.51330566,-838.10348897,1486.62374977
80.20,0.03457691,259.20013428,-1716.54235840,-838.10084522,1486.65876381
80.25,0.03457691,259.20013428,-1716.54235840,-838.10084522,1486.65876381
80.41,0.03323080,259.20013428,-1716.53283691,-838.09443339,1486.65146047
80.46,0.03323080,259.20013428,-1716.53283691,-838.09443339,1486.65146047
80.60,0.04289752,259.20013428,-1716.52416992,-838.09741337,1486.63979298
80.65,0.04289752,259.20013428,-1716.52416992,-838.09741337,1486.63979298
80.81,0.07949553,259.20013428,-1716.58422852,-838.08871995,1486.71391645
80.86,0.07949553,259.20013428,-1716.58422852,-838.08871995,1486.71391645
81.00,0.05458019,259.20013428,-1716.57934570,-838.08709709,1486.70922662
81.05,0.05458019,259.20013428,-1716.57934570,-838.08709709,1486.70922662
81.21,0.02524361,259.20013428,-1716.56872559,-838.08673942,1486.69715932
81.26,0.02524361,259.20013428,-1716.56872559,-838.08673942,1486.69715932
81.41,0.03632731,259.20013428,-1716.57775879,-838.08187693,1486.71032985
81.46,0.03632731,259.20013428,-1716.57775879,-838.08187693,1486.71032985
81.61,0.02055191,259.20013428,-1716.57080078,-838.08038082,1486.70311044
81.66,0.02055191,259.20013428,-1716.57080078,-838.08038082,1486.70311044
81.81,0.00967859,259.20013428,-1716.56665039,-838.08010347,1486.69856185
81.86,0.00967859,259.20013428,-1716.56665039,-838.08010347,1486.69856185
82.01,0.08518335,259.20013428,-1716.60192871,-838.06503252,1486.74770840
82.06,0.08518335,259.20013428,-1716.60192871,-838.06503252,1486.74770840
82.21,0.00805220,259.20013428,-1716.57690430,-838.08130926,1486.70964290
82.26,0.00805220,259.20013428,-1716.57690430,-838.08130926,1486.70964290
82.41,0.04593702,259.20013428,-1716.59570312,-838.07316393,1486.73583952
82.46,0.04593702,259.20013428,-1716.59570312,-838.07316393,1486.73583952
82.61,0.07603177,259.20013428,-1716.61596680,-838.06757582,1486.76241459
82.66,0.07603177,259.20013428,-1716.61596680,-838.06757582,1486.76241459
82.82,0.01521627,259.20013428,-1716.59301758,-838.07715252,1486.73063393
82.87,0.01521627,259.20013428,-1716.59301758,-838.07715252,1486.73063393
83.01,0.16190057,259.20013428,-1716.66870117,-838.05734955,1486.82896834
83.06,0.16190057,259.20013428,-1716.66870117,-838.05734955,1486.82896834
83.21,0.09780394,259.20013428,-1716.65905762,-838.06683888,1486.81248112
83.26,0.09780394,259.20013428,-1716.65905762,-838.06683888,1486.81248112
83.42,0.00314048,259.20013428,-1716.61657715,-838.07304431,1486.76005416
83.47,0.00314048,259.20013428,-1716.61657715,-838.07304431,1486.76005416
83.62,0.05734939,259.20013428,-1716.59094238,-838.08329630,1486.72461963
83.67,0.05734939,259.20013428,-1716.59094238,-838.08329630,1486.72461963
83.82,0.08678913,259.20013428,-1716.56811523,-838.08689021,1486.69627625
83.87,0.08678913,259.20013428,-1716.56811523,-838.08689021,1486.69627625
84.02,0.08917693,259.20013428,-1716.55883789,-838.08897768,1486.68445000
84.07,0.08917693,259.20013428,-1716.55883789,-838.08897768,1486.68445000
84.22,0.01814988,259.20013428,-1716.60742188,-838.07843972,1486.74639706
84.27,0.01814988,259.20013428,-1716.60742188,-838.07843972,1486.74639706
84.42,0.02926344,259.20013428,-1716.61254883,-838.07595578,1486.75364882
84.47,0.02926344,259.20013428,-1716.61254883,-838.07595578,1486.75364882
84.62,0.09824383,259.20013428,-1716.64892578,-838.06718293,1486.80048297
84.67,0.09824383,259.20013428,-1716.64892578,-838.06718293,1486.80048297
84.82,0.18235528,259.20013428,-1716.70605469,-838.05850610,1486.87123056
84.87,0.18235528,259.20013428,-1716.70605469,-838.05850610,1486.87123056
85.02,0.14300577,259.20013428,-1716.70410156,-838.07160636,1486.86158767
85.07,0.14300577,259.20013428,-1716.70410156,-838.07160636,1486.86158767
85.22,0.03687825,259.20013428,-1716.65393066,-838.07469613,1486.80206077
85.27,0.03687825,259.20013428,-1716.65393066,-838.07469613,1486.80206077
85.43,0.05038402,259.20013428,-1716.60253906,-838.07407883,1486.74332516
85.48,0.05038402,259.20013428,-1716.60253906,-838.07407883,1486.74332516
85.63,0.08280898,259.20013428,-1716.57812500,-838.07652926,1486.71375950
85.68,0.08280898,259.20013428,-1716.57812500,-838.07652926,1486.71375950
85.83,0.08780111,259.20013428,-1716.56506348,-838.07407724,1486.70003206
85.88,0.08780111,259.20013428,-1716.56506348,-838.07407724,1486.70003206
86.03,0.02167102,259.20013428,-1716.62097168,-838.06789982,1486.76801693
86.08,0.02167102,259.20013428,-1716.62097168,-838.06789982,1486.76801693
86.23,0.09147298,259.20013428,-1716.65844727,-838.06207003,1486.81445521
86.28,0.09147298,259.20013428,-1716.65844727,-838.06207003,1486.81445521
86.43,0.00315836,259.20013428,-1716.61071777,-838.06601389,1486.75734385
86.48,0.00315836,259.20013428,-1716.61071777,-838.06601389,1486.75734385
86.63,0.04538133,259.20013428,-1716.63769531,-838.06331240,1486.78977315
86.68,0.04538133,259.20013428,-1716.63769531,-838.06331240,1486.78977315
86.83,0.02521530,259.20013428,-1716.59814453,-838.06662273,1486.74241963
86.88,0.02521530,259.20013428,-1716.59814453,-838.06662273,1486.74241963
87.03,0.03892909,259.20013428,-1716.58923340,-838.06890085,1486.73095553
87.08,0.03892909,259.20013428,-1716.58923340,-838.06890085,1486.73095553
87.23,0.05636730,259.20013428,-1716.57482910,-838.06819758,1486.71466079
87.28,0.05636730,259.20013428,-1716.57482910,-838.06819758,1486.71466079
87.44,0.06981219,259.20013428,-1716.56188965,-838.06745647,1486.70036955
87.49,0.06981219,259.20013428,-1716.56188965,-838.06745647,1486.70036955
87.63,0.06846372,259.20013428,-1716.55725098,-838.06539832,1486.69602155
87.68,0.06846372,259.20013428,-1716.55725098,-838.06539832,1486.69602155
87.84,0.07511957,259.20013428,-1716.54809570,-838.06083746,1486.68807780
87.89,0.07511957,259.20013428,-1716.54809570,-838.06083746,1486.68807780
88.03,0.12147394,259.20013428,-1716.66149902,-838.06125048,1486.81833088
88.08,0.12147394,259.20013428,-1716.66149902,-838.06125048,1486.81833088
88.24,0.15093968,259.20013428,-1716.68127441,-838.06139054,1486.84104013
88.29,0.15093968,259.20013428,-1716.68127441,-838.06139054,1486.84104013
88.44,0.16380449,259.20013428,-1716.69458008,-838.05935041,1486.85753068
88.49,0.16380449,259.20013428,-1716.69458008,-838.05935041,1486.85753068
88.64,0.06386983,259.20013428,-1716.64587402,-838.06508802,1486.79821592
88.69,0.06386983,259.20013428,-1716.64587402,-838.06508802,1486.79821592
88.84,0.00859756,259.20013428,-1716.61462402,-838.06659771,1486.76145984
88.89,0.00859756,259.20013428,-1716.61462402,-838.06659771,1486.76145984
89.04,0.03548468,259.20013428,-1716.63000488,-838.06423705,1486.78047941
89.09,0.03548468,259.20013428,-1716.63000488,-838.06423705,1486.78047941
89.24,0.03476187,259.20013428,-1716.63085938,-838.06227910,1486.78259430
89.29,0.03476187,259.20013428,-1716.63085938,-838.06227910,1486.78259430
89.44,0.01273713,259.20013428,-1716.61901855,-838.06294460,1486.76852347
89.49,0.01273713,259.20013428,-1716.61901855,-838.06294460,1486.76852347
89.64,0.01628627,259.20013428,-1716.60192871,-838.06385804,1486.74846283
89.69,0.01628627,259.20013428,-1716.60192871,-838.06385804,1486.74846283
89.85,0.03485169,259.20013428,-1716.58911133,-838.06434267,1486.73345134
89.90,0.03485169,259.20013428,-1716.58911133,-838.06434267,1486.73345134
90.05,0.01503892,259.20013428,-1716.61401367,-838.05642321,1486.76662078
90.10,0.01503892,259.20013428,-1716.61401367,-838.05642321,1486.76662078
90.25,0.00115965,259.20013428,-1716.60400391,-838.05660810,1486.75487065
90.30,0.00115965,259.20013428,-1716.60400391,-838.05660810,1486.75487065
90.45,0.01599715,259.20013428,-1716.61254883,-838.05235214,1486.76706616
90.50,0.01599715,259.20013428,-1716.61254883,-838.05235214,1486.76706616
90.65,0.01628612,259.20013428,-1716.60998535,-838.05004944,1486.76554113
90.70,0.01628612,259.20013428,-1716.60998535,-838.05004944,1486.76554113
90.85,0.12056040,259.20013428,-1716.65539551,-838.02744770,1486.83059866
90.90,0.12056040,259.20013428,-1716.65539551,-838.02744770,1486.83059866
91.05,0.15561486,259.20013428,-1716.67846680,-838.02103292,1486.86087851
91.10,0.15561486,259.20013428,-1716.67846680,-838.02103292,1486.86087851
91.25,0.07334408,259.20013428,-1716.64257812,-838.02610074,1486.81661555
91.30,0.07334408,259.20013428,-1716.64257812,-838.02610074,1486.81661555
91.46,0.08785413,259.20013428,-1716.65649414,-838.02538205,1486.83307627
91.51,0.08785413,259.20013428,-1716.65649414,-838.02538205,1486.83307627
91.65,0.01863667,259.20013428,-1716.61340332,-838.03828409,1486.77612585
91.70,0.01863667,259.20013428,-1716.61340332,-838.03828409,1486.77612585
91.85,0.03736897,259.20013428,-1716.63476562,-838.02920999,1486.80593253
91.90,0.03736897,259.20013428,-1716.63476562,-838.02920999,1486.80593253
92.06,0.01727294,259.20013428,-1716.62548828,-838.02644495,1486.79678171
92.11,0.01727294,259.20013428,-1716.62548828,-838.02644495,1486.79678171
92.26,0.08311492,259.20013428,-1716.59216309,-838.05153694,1486.74415710
92.31,0.08311492,259.20013428,-1716.59216309,-838.05153694,1486.74415710
92.46,0.01356521,259.20013428,-1716.61828613,-838.02821432,1486.78750113
92.51,0.01356521,259.20013428,-1716.61828613,-838.02821432,1486.78750113
92.66,0.09844122,259.20013428,-1716.58996582,-838.07396524,1486.72890494
92.71,0.09844122,259.20013428,-1716.58996582,-838.07396524,1486.72890494
92.86,0.02203141,259.20013428,-1716.60815430,-838.05009332,1486.76339688
92.91,0.02203141,259.20013428,-1716.60815430,-838.05009332,1486.76339688
93.06,0.01203570,259.20013428,-1716.62060547,-838.03693803,1486.78531468
93.11,0.01203570,259.20013428,-1716.62060547,-838.03693803,1486.78531468
94.50,0.00954843,259.20013428,-1716.60827637,-838.04186909,1486.76816489
94.55,0.00954843,259.20013428,-1716.60827637,-838.04186909,1486.76816489
94.51,0.06298815,259.20013428,-1716.58410645,-838.06052070,1486.72970148
94.56,0.06298815,259.20013428,-1716.58410645,-838.06052070,1486.72970148
94.52,0.02561501,259.20013428,-1716.59130859,-838.04567727,1486.74663986
94.57,0.02561501,259.20013428,-1716.59130859,-838.04567727,1486.74663986
94.53,0.05035311,259.20013428,-1716.61376953,-838.02484772,1486.78416638
94.58,0.05035311,259.20013428,-1716.61376953,-838.02484772,1486.78416638
94.53,0.07458199,259.20013428,-1716.62597656,-838.01782127,1486.80223686
94.58,0.07458199,259.20013428,-1716.62597656,-838.01782127,1486.80223686
94.53,0.07482048,259.20013428,-1716.62731934,-838.01395757,1486.80598923
94.58,0.07482048,259.20013428,-1716.62731934,-838.01395757,1486.80598923
94.67,0.04070864,259.20013428,-1716.61779785,-838.02086290,1486.79116030
94.72,0.04070864,259.20013428,-1716.61779785,-838.02086290,1486.79116030
94.87,0.01136791,259.20013428,-1716.60156250,-838.03639575,1486.76352882
94.92,0.01136791,259.20013428,-1716.60156250,-838.03639575,1486.76352882
95.07,0.02567618,259.20013428,-1716.59301758,-838.03980787,1486.75184145
95.12,0.02567618,259.20013428,-1716.59301758,-838.03980787,1486.75184145
95.27,0.02424149,259.20013428,-1716.58703613,-838.03825672,1486.74579439
95.32,0.02424149,259.20013428,-1716.58703613,-838.03825672,1486.74579439
95.46,0.00018522,259.20013428,-1716.58874512,-838.02758854,1486.75389251
95.51,0.00018522,259.20013428,-1716.58874512,-838.02758854,1486.75389251
95.66,0.01245024,259.20013428,-1716.58422852,-838.03345461,1486.74531416
95.71,0.01245024,259.20013428,-1716.58422852,-838.03345461,1486.74531416
95.87,0.02604167,259.20013428,-1716.59228516,-838.01374386,1486.76583546
95.92,0.02604167,259.20013428,-1716.59228516,-838.01374386,1486.76583546
96.07,0.01136178,259.20013428,-1716.59118652,-838.02106883,1486.76043644
96.12,0.01136178,259.20013428,-1716.59118652,-838.02106883,1486.76043644
96.27,0.03141262,259.20013428,-1716.59790039,-838.01041724,1486.77421920
96.32,0.03141262,259.20013428,-1716.59790039,-838.01041724,1486.77421920
96.47,0.01975262,259.20013428,-1716.59521484,-838.04080283,1486.75380904
96.52,0.01975262,259.20013428,-1716.59521484,-838.04080283,1486.75380904
96.67,0.04648864,259.20013428,-1716.60803223,-838.00922752,1486.78646634
96.72,0.04648864,259.20013428,-1716.60803223,-838.00922752,1486.78646634
96.87,0.03066154,259.20013428,-1716.60534668,-838.01317897,1486.78110422
96.92,0.03066154,259.20013428,-1716.60534668,-838.01317897,1486.78110422
97.07,0.01349122,259.20013428,-1716.60266113,-838.01914537,1486.77459892
97.12,0.01349122,259.20013428,-1716.60266113,-838.01914537,1486.77459892
97.27,0.01585773,259.20013428,-1716.60595703,-838.03623092,1486.76879580
97.32,0.01585773,259.20013428,-1716.60595703,-838.03623092,1486.76879580
97.47,0.04468268,259.20013428,-1716.61877441,-838.01595823,1486.79510227
97.52,0.04468268,259.20013428,-1716.61877441,-838.01595823,1486.79510227
97.68,0.00360790,259.20013428,-1716.60974121,-838.03274754,1486.77497878
97.73,0.00360790,259.20013428,-1716.60974121,-838.03274754,1486.77497878
97.87,0.04245529,259.20013428,-1716.62561035,-838.01975409,1486.80081731
97.92,0.04245529,259.20013428,-1716.62561035,-838.01975409,1486.80081731
98.07,0.00804387,259.20013428,-1716.61413574,-838.02380353,1486.78524205
98.12,0.00804387,259.20013428,-1716.61413574,-838.02380353,1486.78524205
98.28,0.05513964,259.20013428,-1716.62829590,-838.00955807,1486.80974011
98.33,0.05513964,259.20013428,-1716.62829590,-838.00955807,1486.80974011
98.48,0.02202326,259.20013428,-1716.61645508,-838.01068825,1486.79535860
98.53,0.02202326,259.20013428,-1716.61645508,-838.01068825,1486.79535860
98.68,0.04011815,259.20013428,-1716.63208008,-838.01057778,1486.81348823
98.73,0.04011815,259.20013428,-1716.63208008,-838.01057778,1486.81348823
98.88,0.00242450,259.20013428,-1716.61364746,-838.01290223,1486.79089818
98.93,0.00242450,259.20013428,-1716.61364746,-838.01290223,1486.79089818
99.08,0.03979173,259.20013428,-1716.59753418,-838.01964248,1486.76859505
99.13,0.03979173,259.20013428,-1716.59753418,-838.01964248,1486.76859505
99.28,0.04726019,259.20013428,-1716.58996582,-838.02166536,1486.75865792
99.33,0.04726019,259.20013428,-1716.58996582,-838.02166536,1486.75865792
99.48,0.02189038,259.20013428,-1716.59411621,-838.01392105,1486.76784050
99.53,0.02189038,259.20013428,-1716.59411621,-838.01392105,1486.76784050
99.68,0.04402351,259.20013428,-1716.58959961,-838.02717222,1486.75514174
99.73,0.04402351,259.20013428,-1716.58959961,-838.02717222,1486.75514174
99.88,0.03686530,259.20013428,-1716.58605957,-838.02564936,1486.75199786
99.93,0.03686530,259.20013428,-1716.58605957,-838.02564936,1486.75199786
100.09,0.02486585,259.20013428,-1716.58471680,-838.02070249,1486.75313268
100.14,0.02486585,259.20013428,-1716.58471680,-838.02070249,1486.75313268
100.29,0.00080890,259.20013428,-1716.59667969,-838.01040797,1486.77276568
100.34,0.00080890,259.20013428,-1716.59667969,-838.01040797,1486.77276568
100.49,0.00859031,259.20013428,-1716.60046387,-838.00699238,1486.77908660
100.54,0.00859031,259.20013428,-1716.60046387,-838.00699238,1486.77908660
100.69,0.02808662,259.20013428,-1716.61535645,-837.99708842,1486.80185034
100.74,0.02808662,259.20013428,-1716.61535645,-837.99708842,1486.80185034
100.89,0.02885519,259.20013428,-1716.61828613,-837.99525096,1486.80632500
100.94,0.02885519,259.20013428,-1716.61828613,-837.99525096,1486.80632500
101.09,0.01842257,259.20013428,-1716.61437988,-838.00336029,1486.79716154
101.14,0.01842257,259.20013428,-1716.61437988,-838.00336029,1486.79716154
101.29,0.01195090,259.20013428,-1716.61083984,-838.00946771,1486.78970156
101.34,0.01195090,259.20013428,-1716.61083984,-838.00946771,1486.78970156
101.49,0.00205261,259.20013428,-1716.60961914,-838.01950079,1486.78251359
101.54,0.00205261,259.20013428,-1716.60961914,-838.01950079,1486.78251359
101.69,0.05801361,259.20013428,-1716.61572266,-838.05446867,1486.76963121
101.74,0.05801361,259.20013428,-1716.61572266,-838.05446867,1486.76963121
101.89,0.05364336,259.20013428,-1716.61950684,-838.05569405,1486.77337044
101.94,0.05364336,259.20013428,-1716.61950684,-838.05569405,1486.77337044
102.09,0.03981326,259.20013428,-1716.62243652,-838.05157705,1486.77888368
102.14,0.03981326,259.20013428,-1716.62243652,-838.05157705,1486.77888368
102.29,0.02525803,259.20013428,-1716.61389160,-838.04682842,1486.77187175
102.34,0.02525803,259.20013428,-1716.61389160,-838.04682842,1486.77187175
102.49,0.03155230,259.20013428,-1716.62658691,-838.05277987,1486.78311678
102.54,0.03155230,259.20013428,-1716.62658691,-838.05277987,1486.78311678
102.69,0.00949511,259.20013428,-1716.61425781,-838.02995732,1486.78191063
102.74,0.00949511,259.20013428,-1716.61425781,-838.02995732,1486.78191063
102.89,0.03626327,259.20013428,-1716.59912109,-838.01505603,1486.77289941
102.94,0.03626327,259.20013428,-1716.59912109,-838.01505603,1486.77289941
103.09,0.02953368,259.20013428,-1716.59729004,-838.01574757,1486.77047726
103.14,0.02953368,259.20013428,-1716.59729004,-838.01574757,1486.77047726
103.29,0.01657239,259.20013428,-1716.61364746,-838.04148226,1486.77454860
103.34,0.01657239,259.20013428,-1716.61364746,-838.04148226,1486.77454860
103.49,0.07610091,259.20013428,-1716.64477539,-838.07933783,1486.78889780
103.54,0.07610091,259.20013428,-1716.64477539,-838.07933783,1486.78889780
103.69,0.02704414,259.20013428,-1716.62792969,-838.05628692,1486.78261446
103.74,0.02704414,259.20013428,-1716.62792969,-838.05628692,1486.78261446
103.89,0.00441896,259.20013428,-1716.61645508,-838.04606779,1486.77525536
103.94,0.00441896,259.20013428,-1716.61645508,-838.04606779,1486.77525536
104.09,0.00575759,259.20013428,-1716.61804199,-838.04576743,1486.77719823
104.14,0.00575759,259.20013428,-1716.61804199,-838.04576743,1486.77719823
104.29,0.02563026,259.20013428,-1716.60192871,-838.02659080,1486.76960841
104.34,0.02563026,259.20013428,-1716.60192871,-838.02659080,1486.76960841
104.49,0.01153698,259.20013428,-1716.60852051,-838.03405141,1486.77300219
104.54,0.01153698,259.20013428,-1716.60852051,-838.03405141,1486.77300219
104.69,0.01771213,259.20013428,-1716.60424805,-838.02932731,1486.77076454
104.74,0.01771213,259.20013428,-1716.60424805,-838.02932731,1486.77076454
104.89,0.02741142,259.20013428,-1716.62536621,-838.05917218,1486.77803992
104.94,0.02741142,259.20013428,-1716.62536621,-838.05917218,1486.77803992
105.10,0.00572229,259.20013428,-1716.61584473,-838.04566935,1486.77475985
105.15,0.00572229,259.20013428,-1716.61584473,-838.04566935,1486.77475985
105.29,0.00027560,259.20013428,-1716.61193848,-838.04213521,1486.77222613
105.34,0.00027560,259.20013428,-1716.61193848,-838.04213521,1486.77222613
105.50,0.00075207,259.20013428,-1716.61047363,-838.04263220,1486.77021139
105.55,0.00075207,259.20013428,-1716.61047363,-838.04263220,1486.77021139
105.70,0.00721266,259.20013428,-1716.60595703,-838.03668624,1486.76848884
105.75,0.00721266,259.20013428,-1716.60595703,-838.03668624,1486.76848884
105.90,0.02735669,259.20013428,-1716.59570312,-838.02102819,1486.76558393
105.95,0.02735669,259.20013428,-1716.59570312,-838.02102819,1486.76558393
106.10,0.01094667,259.20013428,-1716.61791992,-838.04986773,1486.77480514
106.15,0.01094667,259.20013428,-1716.61791992,-838.04986773,1486.77480514
106.30,0.02541667,259.20013428,-1716.62060547,-838.06010509,1486.77191348
106.35,0.02541667,259.20013428,-1716.62060547,-838.06010509,1486.77191348
106.50,0.02517202,259.20013428,-1716.61865234,-838.06257538,1486.76836078
106.55,0.02517202,259.20013428,-1716.61865234,-838.06257538,1486.76836078
106.70,0.04138265,259.20013428,-1716.62756348,-838.07531614,1486.77138001
106.75,0.04138265,259.20013428,-1716.62756348,-838.07531614,1486.77138001
106.90,0.00934040,259.20013428,-1716.61450195,-838.05690276,1486.76679107
106.95,0.00934040,259.20013428,-1716.61450195,-838.05690276,1486.76679107
107.10,0.01238996,259.20013428,-1716.61645508,-838.05979877,1486.76732583
107.15,0.01238996,259.20013428,-1716.61645508,-838.05979877,1486.76732583
107.30,0.00091706,259.20013428,-1716.61010742,-838.05254859,1486.76422583
107.35,0.00091706,259.20013428,-1716.61010742,-838.05254859,1486.76422583
107.51,0.00768994,259.20013428,-1716.60522461,-838.04540489,1486.76274305
107.56,0.00768994,259.20013428,-1716.60522461,-838.04540489,1486.76274305
107.71,0.03100711,259.20013428,-1716.62158203,-838.07190329,1486.76635498
107.76,0.03100711,259.20013428,-1716.62158203,-838.07190329,1486.76635498
107.91,0.03105562,259.20013428,-1716.61999512,-838.07510526,1486.76273797
107.96,0.03105562,259.20013428,-1716.61999512,-838.07510526,1486.76273797
108.11,0.01211666,259.20013428,-1716.61132812,-838.06595148,1486.75798385
108.16,0.01211666,259.20013428,-1716.61132812,-838.06595148,1486.75798385
108.31,0.01406958,259.20013428,-1716.60986328,-838.06904653,1486.75453698
108.36,0.01406958,259.20013428,-1716.60986328,-838.06904653,1486.75453698
108.52,0.00096813,259.20013428,-1716.60180664,-838.05995375,1486.75042980
108.57,0.00096813,259.20013428,-1716.60180664,-838.05995375,1486.75042980
108.71,0.01150996,259.20013428,-1716.59448242,-838.04979886,1486.74779816
108.76,0.01150996,259.20013428,-1716.59448242,-838.04979886,1486.74779816
108.91,0.00330066,259.20013428,-1716.60241699,-838.05771027,1486.75240708
108.96,0.00330066,259.20013428,-1716.60241699,-838.05771027,1486.75240708
109.11,0.00804328,259.20013428,-1716.59826660,-838.05287518,1486.75031117
109.16,0.00804328,259.20013428,-1716.59826660,-838.05287518,1486.75031117
109.31,0.00577825,259.20013428,-1716.60021973,-838.06149422,1486.74774011
109.36,0.00577825,259.20013428,-1716.60021973,-838.06149422,1486.74774011
109.51,0.01362264,259.20013428,-1716.60034180,-838.06716835,1486.74462318
109.56,0.01362264,259.20013428,-1716.60034180,-838.06716835,1486.74462318
109.71,0.01082133,259.20013428,-1716.59704590,-838.06576385,1486.74173406
109.76,0.01082133,259.20013428,-1716.59704590,-838.06576385,1486.74173406
109.92,0.01376914,259.20013428,-1716.59741211,-838.06838376,1486.74062751
109.97,0.01376914,259.20013428,-1716.59741211,-838.06838376,1486.74062751
110.12,0.01231983,259.20013428,-1716.59936523,-838.06754576,1486.74334398
110.17,0.01231983,259.20013428,-1716.59936523,-838.06754576,1486.74334398
110.32,0.03938301,259.20013428,-1716.60705566,-838.08885749,1486.73996467
110.37,0.03938301,259.20013428,-1716.60705566,-838.08885749,1486.73996467
110.52,0.04943760,259.20013428,-1716.61413574,-838.09717063,1486.74341818
110.57,0.04943760,259.20013428,-1716.61413574,-838.09717063,1486.74341818
110.72,0.06799354,259.20013428,-1716.62829590,-838.10880633,1486.75309760
110.77,0.06799354,259.20013428,-1716.62829590,-838.10880633,1486.75309760
110.92,0.04016876,259.20013428,-1716.61572266,-838.09855896,1486.74451442
110.97,0.04016876,259.20013428,-1716.61572266,-838.09855896,1486.74451442
111.12,0.02030125,259.20013428,-1716.60681152,-838.08871483,1486.73989179
111.17,0.02030125,259.20013428,-1716.60681152,-838.08871483,1486.73989179
111.32,0.00273154,259.20013428,-1716.59741211,-838.08037562,1486.73380544
111.37,0.00273154,259.20013428,-1716.59741211,-838.08037562,1486.73380544
111.53,0.01635408,259.20013428,-1716.58557129,-838.06999772,1486.72611852
111.58,0.01635408,259.20013428,-1716.58557129,-838.06999772,1486.72611852
111.72,0.02358286,259.20013428,-1716.57995605,-838.06342411,1486.72334478
111.77,0.02358286,259.20013428,-1716.57995605,-838.06342411,1486.72334478
111.93,0.03838829,259.20013428,-1716.56823730,-838.05112226,1486.71695585
111.98,0.03838829,259.20013428,-1716.56823730,-838.05112226,1486.71695585
112.13,0.03581380,259.20013428,-1716.56408691,-838.04923561,1486.71311363
112.18,0.03581380,259.20013428,-1716.56408691,-838.04923561,1486.71311363
112.33,0.02814669,259.20013428,-1716.56286621,-838.05150045,1486.71040344
112.38,0.02814669,259.20013428,-1716.56286621,-838.05150045,1486.71040344
112.54,0.00910123,259.20013428,-1716.58032227,-838.07426827,1486.71757852
112.59,0.00910123,259.20013428,-1716.58032227,-838.07426827,1486.71757852
112.73,0.00726213,259.20013428,-1716.58068848,-838.07591596,1486.71702001
112.78,0.00726213,259.20013428,-1716.58068848,-838.07591596,1486.71702001
112.94,0.00685076,259.20013428,-1716.57336426,-838.07013312,1486.71197146
112.99,0.00685076,259.20013428,-1716.57336426,-838.07013312,1486.71197146
113.13,0.03856528,259.20013428,-1716.60314941,-838.09657816,1486.73114302
113.18,0.03856528,259.20013428,-1716.60314941,-838.09657816,1486.73114302
113.34,0.02802376,259.20013428,-1716.60144043,-838.09504570,1486.73014478
113.39,0.02802376,259.20013428,-1716.60144043,-838.09504570,1486.73014478
113.54,0.01623093,259.20013428,-1716.59753418,-838.09248614,1486.72710342
113.59,0.01623093,259.20013428,-1716.59753418,-838.09248614,1486.72710342
113.74,0.11133309,259.20013428,-1716.66137695,-838.13704906,1486.77510788
113.79,0.11133309,259.20013428,-1716.66137695,-838.13704906,1486.77510788
113.94,0.07851648,259.20013428,-1716.64758301,-838.13048238,1486.76296782
113.99,0.07851648,259.20013428,-1716.64758301,-838.13048238,1486.76296782
114.15,0.02855700,259.20013428,-1716.61938477,-838.11584541,1486.73892767
114.20,0.02855700,259.20013428,-1716.61938477,-838.11584541,1486.73892767
114.35,0.01774608,259.20013428,-1716.61462402,-838.11506490,1486.73384519
114.40,0.01774608,259.20013428,-1716.61462402,-838.11506490,1486.73384519
114.54,0.00025698,259.20013428,-1716.60620117,-838.11137964,1486.72622292
114.59,0.00025698,259.20013428,-1716.60620117,-838.11137964,1486.72622292
114.74,0.00271881,259.20013428,-1716.60620117,-838.12012706,1486.72125996
114.79,0.00271881,259.20013428,-1716.60620117,-838.12012706,1486.72125996
114.94,0.05052495,259.20013428,-1716.63146973,-838.12802572,1486.74579242
114.99,0.05052495,259.20013428,-1716.63146973,-838.12802572,1486.74579242
115.15,0.03239557,259.20013428,-1716.62304688,-838.12813360,1486.73613504
115.20,0.03239557,259.20013428,-1716.62304688,-838.12813360,1486.73613504
115.36,0.05804601,259.20013428,-1716.63684082,-838.14471261,1486.74258084
115.41,0.05804601,259.20013428,-1716.63684082,-838.14471261,1486.74258084
115.55,0.05046098,259.20013428,-1716.63415527,-838.14136844,1486.74129324
115.60,0.05046098,259.20013428,-1716.63415527,-838.14136844,1486.74129324
115.75,0.06208166,259.20013428,-1716.64038086,-838.15889838,1486.73856939
115.80,0.06208166,259.20013428,-1716.64038086,-838.15889838,1486.73856939
115.95,0.05755741,259.20013428,-1716.64074707,-838.15589870,1486.74065629
116.00,0.05755741,259.20013428,-1716.64074707,-838.15589870,1486.74065629
116.16,0.12728603,259.20013428,-1716.68371582,-838.17386767,1486.77979410
116.21,0.12728603,259.20013428,-1716.68371582,-838.17386767,1486.77979410
116.35,0.14568127,259.20013428,-1716.70581055,-838.17497779,1486.80473986
116.40,0.14568127,259.20013428,-1716.70581055,-838.17497779,1486.80473986
116.55,0.14884966,259.20013428,-1716.71704102,-838.17044312,1486.82004936
116.60,0.14884966,259.20013428,-1716.71704102,-838.17044312,1486.82004936
116.76,0.06589882,259.20013428,-1716.68823242,-838.18919630,1486.77621567
116.81,0.06589882,259.20013428,-1716.68823242,-838.18919630,1486.77621567
116.96,0.02267922,259.20013428,-1716.67102051,-838.20250084,1486.74890584
117.01,0.02267922,259.20013428,-1716.67102051,-838.20250084,1486.74890584
117.16,0.07930652,259.20013428,-1716.70983887,-838.21223690,1486.78810456
117.21,0.07930652,259.20013428,-1716.70983887,-838.21223690,1486.78810456
117.37,0.00099459,259.20013428,-1716.66784668,-838.19110142,1486.75176882
117.42,0.00099459,259.20013428,-1716.66784668,-838.19110142,1486.75176882
117.56,0.04333410,259.20013428,-1716.70239258,-838.21236473,1486.77936480
117.61,0.04333410,259.20013428,-1716.70239258,-838.21236473,1486.77936480
117.77,0.01727388,259.20013428,-1716.66442871,-838.18957727,1486.74867742
117.82,0.01727388,259.20013428,-1716.66442871,-838.18957727,1486.74867742
117.96,0.03557103,259.20013428,-1716.64904785,-838.18093337,1486.73601542
118.01,0.03557103,259.20013428,-1716.64904785,-838.18093337,1486.73601542
118.16,0.04157296,259.20013428,-1716.64050293,-838.18452921,1486.72409793
118.21,0.04157296,259.20013428,-1716.64050293,-838.18452921,1486.72409793
118.37,0.02610715,259.20013428,-1716.64697266,-838.18707510,1486.72994304
118.42,0.02610715,259.20013428,-1716.64697266,-838.18707510,1486.72994304
118.56,0.03865051,259.20013428,-1716.69287109,-838.20460437,1486.77278122
118.61,0.03865051,259.20013428,-1716.69287109,-838.20460437,1486.77278122
118.77,0.06051880,259.20013428,-1716.71520996,-838.21228503,1486.79420064
118.82,0.06051880,259.20013428,-1716.71520996,-838.21228503,1486.79420064
118.97,0.01164778,259.20013428,-1716.68627930,-838.20066255,1486.76759638
119.02,0.01164778,259.20013428,-1716.68627930,-838.20066255,1486.76759638
119.17,0.03923743,259.20013428,-1716.65332031,-838.18943333,1486.73602152
119.22,0.03923743,259.20013428,-1716.65332031,-838.18943333,1486.73602152
119.37,0.07631627,259.20013428,-1716.62695312,-838.18225196,1486.70970415
119.42,0.07631627,259.20013428,-1716.62695312,-838.18225196,1486.70970415
119.57,0.01094487,259.20013428,-1716.67883301,-838.19072565,1486.76460171
119.62,0.01094487,259.20013428,-1716.67883301,-838.19072565,1486.76460171
119.77,0.02878124,259.20013428,-1716.65344238,-838.18890345,1486.73650205
119.82,0.02878124,259.20013428,-1716.65344238,-838.18890345,1486.73650205
119.97,0.03732161,259.20013428,-1716.64807129,-838.19111052,1486.72905355
120.02,0.03732161,259.20013428,-1716.64807129,-838.19111052,1486.72905355
120.18,0.02427244,259.20013428,-1716.65490723,-838.19263721,1486.73592654
120.23,0.02427244,259.20013428,-1716.65490723,-838.19263721,1486.73592654
120.38,0.03977485,259.20013428,-1716.64465332,-838.19483470,1486.72291260
120.43,0.03977485,259.20013428,-1716.64465332,-838.19483470,1486.72291260
120.58,0.12130547,259.20013428,-1716.74011230,-838.18475616,1486.83852317
120.63,0.12130547,259.20013428,-1716.74011230,-838.18475616,1486.83852317
120.78,0.01076000,259.20013428,-1716.68371582,-838.19356445,1486.76866990
120.83,0.01076000,259.20013428,-1716.68371582,-838.19356445,1486.76866990
120.98,0.03300266,259.20013428,-1716.69909668,-838.19034275,1486.78814158
121.03,0.03300266,259.20013428,-1716.69909668,-838.19034275,1486.78814158
121.18,0.01733994,259.20013428,-1716.69873047,-838.19244948,1486.78653546
121.23,0.01733994,259.20013428,-1716.69873047,-838.19244948,1486.78653546
121.38,0.04400915,259.20013428,-1716.66687012,-838.20023060,1486.74543087
121.43,0.04400915,259.20013428,-1716.66687012,-838.20023060,1486.74543087
121.58,0.08714088,259.20013428,-1716.64038086,-838.21242496,1486.70802660
121.63,0.08714088,259.20013428,-1716.64038086,-838.21242496,1486.70802660
121.79,0.01986370,259.20013428,-1716.66320801,-838.19993746,1486.74149511
121.84,0.01986370,259.20013428,-1716.66320801,-838.19993746,1486.74149511
121.99,0.00008524,259.20013428,-1716.67626953,-838.19446308,1486.75948048
122.04,0.00008524,259.20013428,-1716.67626953,-838.19446308,1486.75948048
122.19,0.03534006,259.20013428,-1716.68908691,-838.18262614,1486.78096155
122.24,0.03534006,259.20013428,-1716.68908691,-838.18262614,1486.78096155
122.38,0.03522168,259.20013428,-1716.66650391,-838.20987327,1486.73952404
122.43,0.03522168,259.20013428,-1716.66650391,-838.20987327,1486.73952404
122.58,0.02309953,259.20013428,-1716.66784668,-838.20672165,1486.74295612
122.63,0.02309953,259.20013428,-1716.66784668,-838.20672165,1486.74295612
122.78,0.02964273,259.20013428,-1716.66235352,-838.21104397,1486.73413782
122.83,0.02964273,259.20013428,-1716.66235352,-838.21104397,1486.73413782
122.99,0.00323147,259.20013428,-1716.67077637,-838.20108221,1486.74954351
123.04,0.00323147,259.20013428,-1716.67077637,-838.20108221,1486.74954351
123.19,0.00974281,259.20013428,-1716.67810059,-838.19525658,1486.76117859
123.24,0.00974281,259.20013428,-1716.67810059,-838.19525658,1486.76117859
123.39,0.02698841,259.20013428,-1716.66894531,-838.21431930,1486.73985021
123.44,0.02698841,259.20013428,-1716.66894531,-838.21431930,1486.73985021
123.59,0.07398463,259.20013428,-1716.66223145,-838.24387469,1486.71514991
123.64,0.07398463,259.20013428,-1716.66223145,-838.24387469,1486.71514991
123.79,0.04202041,259.20013428,-1716.66638184,-838.23126022,1486.72720868
123.84,0.04202041,259.20013428,-1716.66638184,-838.23126022,1486.72720868
123.99,0.04223869,259.20013428,-1716.65905762,-838.22927794,1486.72000612
124.04,0.04223869,259.20013428,-1716.65905762,-838.22927794,1486.72000612
124.20,0.05385029,259.20013428,-1716.65356445,-838.23275085,1486.71165115
124.25,0.05385029,259.20013428,-1716.65356445,-838.23275085,1486.71165115
124.40,0.03541759,259.20013428,-1716.65136719,-838.22012599,1486.71631975
124.45,0.03541759,259.20013428,-1716.65136719,-838.22012599,1486.71631975
124.60,0.04026020,259.20013428,-1716.64916992,-838.21924189,1486.71422097
124.65,0.04026020,259.20013428,-1716.64916992,-838.21924189,1486.71422097
124.80,0.04369991,259.20013428,-1716.64416504,-838.21335276,1486.71174215
124.85,0.04369991,259.20013428,-1716.64416504,-838.21335276,1486.71174215
125.00,0.05715705,259.20013428,-1716.63598633,-838.20718741,1486.70588097
125.05,0.05715705,259.20013428,-1716.63598633,-838.20718741,1486.70588097
125.20,0.04019210,259.20013428,-1716.67163086,-838.21343634,1486.74336439
125.25,0.04019210,259.20013428,-1716.67163086,-838.21343634,1486.74336439
125.40,0.00606011,259.20013428,-1716.65576172,-838.21106965,1486.72642149
125.45,0.00606011,259.20013428,-1716.65576172,-838.21106965,1486.72642149
125.61,0.05225979,259.20013428,-1716.66735840,-838.20270266,1486.74463297
125.66,0.05225979,259.20013428,-1716.66735840,-838.20270266,1486.74463297
125.80,0.03165439,259.20013428,-1716.66064453,-838.20580825,1486.73514527
125.85,0.03165439,259.20013428,-1716.66064453,-838.20580825,1486.73514527
127.27,0.00717373,259.20013428,-1716.65136719,-838.20908166,1486.72257185
127.32,0.00717373,259.20013428,-1716.65136719,-838.20908166,1486.72257185
127.28,0.04181906,259.20013428,-1716.66210938,-838.20217227,1486.73893882
127.33,0.04181906,259.20013428,-1716.66210938,-838.20217227,1486.73893882
127.29,0.01872236,259.20013428,-1716.65283203,-838.20855330,1486.72460930
127.34,0.01872236,259.20013428,-1716.65283203,-838.20855330,1486.72460930
127.29,0.00474399,259.20013428,-1716.64477539,-838.21767233,1486.71007248
127.34,0.00474399,259.20013428,-1716.64477539,-838.21767233,1486.71007248
127.30,0.00238816,259.20013428,-1716.64074707,-838.21150280,1486.70896712
127.35,0.00238816,259.20013428,-1716.64074707,-838.21150280,1486.70896712
127.30,0.05448368,259.20013428,-1716.64794922,-838.18304437,1486.73339143
127.35,0.05448368,259.20013428,-1716.64794922,-838.18304437,1486.73339143
127.41,0.07529356,259.20013428,-1716.65136719,-838.16756727,1486.74616297
127.46,0.07529356,259.20013428,-1716.65136719,-838.16756727,1486.74616297
127.61,0.11374651,259.20013428,-1716.66357422,-838.13979252,1486.77610628
127.66,0.11374651,259.20013428,-1716.66357422,-838.13979252,1486.77610628
127.81,0.07256919,259.20013428,-1716.66394043,-838.15686729,1486.76677693
127.86,0.07256919,259.20013428,-1716.66394043,-838.15686729,1486.76677693
128.02,0.04630851,259.20013428,-1716.66918945,-838.17514528,1486.76235710
128.07,0.04630851,259.20013428,-1716.66918945,-838.17514528,1486.76235710
128.21,0.05222049,259.20013428,-1716.67797852,-838.17561117,1486.77227702
128.26,0.05222049,259.20013428,-1716.67797852,-838.17561117,1486.77227702
128.42,0.02464150,259.20013428,-1716.67321777,-838.18093870,1486.76382879
128.47,0.02464150,259.20013428,-1716.67321777,-838.18093870,1486.76382879
128.62,0.03463107,259.20013428,-1716.65100098,-838.18328394,1486.73679372
128.67,0.03463107,259.20013428,-1716.65100098,-838.18328394,1486.73679372
128.82,0.09053385,259.20013428,-1716.63586426,-838.19763785,1486.71122272
128.87,0.09053385,259.20013428,-1716.63586426,-838.19763785,1486.71122272
129.02,0.05202232,259.20013428,-1716.64782715,-838.18901539,1486.72980242
129.07,0.05202232,259.20013428,-1716.64782715,-838.18901539,1486.72980242
129.22,0.03884532,259.20013428,-1716.65795898,-838.18657556,1486.74290664
129.27,0.03884532,259.20013428,-1716.65795898,-838.18657556,1486.74290664
129.42,0.03762010,259.20013428,-1716.66857910,-838.18762232,1486.75466444
129.47,0.03762010,259.20013428,-1716.66857910,-838.18762232,1486.75466444
129.62,0.04519181,259.20013428,-1716.66491699,-838.19874339,1486.74396879
129.67,0.04519181,259.20013428,-1716.66491699,-838.19874339,1486.74396879
129.82,0.01285640,259.20013428,-1716.65087891,-838.18343880,1486.73675494
129.87,0.01285640,259.20013428,-1716.65087891,-838.18343880,1486.73675494
130.02,0.01008482,259.20013428,-1716.65368652,-838.18288982,1486.74006126
130.07,0.01008482,259.20013428,-1716.65368652,-838.18288982,1486.74006126
130.22,0.00234663,259.20013428,-1716.65869141,-838.17470925,1486.75066800
130.27,0.00234663,259.20013428,-1716.65869141,-838.17470925,1486.75066800
130.43,0.00136139,259.20013428,-1716.66564941,-838.17655083,1486.75754695
130.48,0.00136139,259.20013428,-1716.66564941,-838.17655083,1486.75754695
130.63,0.02853916,259.20013428,-1716.64855957,-838.16451223,1486.74473902
130.68,0.02853916,259.20013428,-1716.64855957,-838.16451223,1486.74473902
130.83,0.00101514,259.20013428,-1716.65905762,-838.18050328,1486.74774100
130.88,0.00101514,259.20013428,-1716.65905762,-838.18050328,1486.74774100
131.03,0.02168158,259.20013428,-1716.64514160,-838.17222658,1486.73628539
131.08,0.02168158,259.20013428,-1716.64514160,-838.17222658,1486.73628539
131.23,0.05834042,259.20013428,-1716.62438965,-838.15150643,1486.72431036
131.28,0.05834042,259.20013428,-1716.62438965,-838.15150643,1486.72431036
131.43,0.04482683,259.20013428,-1716.62744141,-838.15543353,1486.72563596
131.48,0.04482683,259.20013428,-1716.62744141,-838.15543353,1486.72563596
131.63,0.07984851,259.20013428,-1716.60729980,-838.13067770,1486.71660489
131.68,0.07984851,259.20013428,-1716.60729980,-838.13067770,1486.71660489
131.84,0.05933645,259.20013428,-1716.61303711,-838.14039994,1486.71750053
131.89,0.05933645,259.20013428,-1716.61303711,-838.14039994,1486.71750053
132.04,0.08285366,259.20013428,-1716.59631348,-838.12245796,1486.70861989
132.09,0.08285366,259.20013428,-1716.59631348,-838.12245796,1486.70861989
132.24,0.03718021,259.20013428,-1716.61889648,-838.14847869,1486.71977080
132.29,0.03718021,259.20013428,-1716.61889648,-838.14847869,1486.71977080
132.44,0.07052726,259.20013428,-1716.59802246,-838.12782383,1486.70740477
132.49,0.07052726,259.20013428,-1716.59802246,-838.12782383,1486.70740477
132.64,0.06915311,259.20013428,-1716.59484863,-838.13187321,1486.70141269
132.69,0.06915311,259.20013428,-1716.59484863,-838.13187321,1486.70141269
132.84,0.10434171,259.20013428,-1716.57373047,-838.11523576,1486.68658459
132.89,0.10434171,259.20013428,-1716.57373047,-838.11523576,1486.68658459
133.05,0.12131238,259.20013428,-1716.56323242,-838.11387597,1486.67527979
133.10,0.12131238,259.20013428,-1716.56323242,-838.11387597,1486.67527979
133.25,0.12274049,259.20013428,-1716.55981445,-838.11469704,1486.67103796
133.30,0.12274049,259.20013428,-1716.55981445,-838.11469704,1486.67103796
133.45,0.03789092,259.20013428,-1716.59338379,-838.12975006,1486.70103309
133.50,0.03789092,259.20013428,-1716.59338379,-838.12975006,1486.70103309
133.65,0.08270348,259.20013428,-1716.56994629,-838.12950354,1486.67422667
133.70,0.08270348,259.20013428,-1716.56994629,-838.12950354,1486.67422667
133.85,0.02073145,259.20013428,-1716.59899902,-838.13981413,1486.70182368
133.90,0.02073145,259.20013428,-1716.59899902,-838.13981413,1486.70182368
134.05,0.01900237,259.20013428,-1716.59936523,-838.13702540,1486.70368928
134.10,0.01900237,259.20013428,-1716.59936523,-838.13702540,1486.70368928
134.26,0.07022914,259.20013428,-1716.56616211,-838.12952190,1486.66976143
134.31,0.07022914,259.20013428,-1716.56616211,-838.12952190,1486.66976143
134.45,0.03954434,259.20013428,-1716.62866211,-838.13651345,1486.73776425
134.50,0.03954434,259.20013428,-1716.62866211,-838.13651345,1486.73776425
134.65,0.03617133,259.20013428,-1716.58251953,-838.12525505,1486.69109657
134.70,0.03617133,259.20013428,-1716.58251953,-838.12525505,1486.69109657
134.85,0.08371445,259.20013428,-1716.55224609,-838.12514167,1486.65637011
134.90,0.08371445,259.20013428,-1716.55224609,-838.12514167,1486.65637011
135.05,0.10092083,259.20013428,-1716.53906250,-838.12271753,1486.64251027
135.10,0.10092083,259.20013428,-1716.53906250,-838.12271753,1486.64251027
135.26,0.00559050,259.20013428,-1716.60461426,-838.13380602,1486.71164160
135.31,0.00559050,259.20013428,-1716.60461426,-838.13380602,1486.71164160
135.46,0.03854389,259.20013428,-1716.57580566,-838.13162086,1486.67963990
135.51,0.03854389,259.20013428,-1716.57580566,-838.13162086,1486.67963990
135.66,0.06555752,259.20013428,-1716.55480957,-838.12704958,1486.65825878
135.71,0.06555752,259.20013428,-1716.55480957,-838.12704958,1486.65825878
135.86,0.08665852,259.20013428,-1716.53759766,-838.12190139,1486.64123692
135.91,0.08665852,259.20013428,-1716.53759766,-838.12190139,1486.64123692
136.06,0.09675067,259.20013428,-1716.52844238,-838.11691910,1486.63359913
136.11,0.09675067,259.20013428,-1716.52844238,-838.11691910,1486.63359913
136.26,0.10960843,259.20013428,-1716.52758789,-838.12075090,1486.63032081
136.31,0.10960843,259.20013428,-1716.52758789,-838.12075090,1486.63032081
136.47,0.12537460,259.20013428,-1716.52380371,-838.12310146,1486.62470527
136.52,0.12537460,259.20013428,-1716.52380371,-838.12310146,1486.62470527
136.66,0.11869060,259.20013428,-1716.52844238,-838.12138155,1486.63108168
136.71,0.11869060,259.20013428,-1716.52844238,-838.12138155,1486.63108168
136.86,0.05982091,259.20013428,-1716.59020996,-838.13672845,1486.69335218
136.91,0.05982091,259.20013428,-1716.59020996,-838.13672845,1486.69335218
137.07,0.08138856,259.20013428,-1716.58020020,-838.14049009,1486.67973704
137.12,0.08138856,259.20013428,-1716.58020020,-838.14049009,1486.67973704
137.27,0.08095563,259.20013428,-1716.56604004,-838.13565038,1486.66625236
137.32,0.08095563,259.20013428,-1716.56604004,-838.13565038,1486.66625236
137.47,0.07736812,259.20013428,-1716.56262207,-838.13395652,1486.66323353
137.52,0.07736812,259.20013428,-1716.56262207,-838.13395652,1486.66323353
137.67,0.06440520,259.20013428,-1716.55102539,-838.12495908,1486.65502613
137.72,0.06440520,259.20013428,-1716.55102539,-838.12495908,1486.65502613
137.87,0.06142456,259.20013428,-1716.54296875,-838.12247310,1486.64708737
137.92,0.06142456,259.20013428,-1716.54296875,-838.12247310,1486.64708737
138.07,0.06641547,259.20013428,-1716.54003906,-838.12718365,1486.64105604
138.12,0.06641547,259.20013428,-1716.54003906,-838.12718365,1486.64105604
138.27,0.07540010,259.20013428,-1716.54016113,-838.13598605,1486.63622266
138.32,0.07540010,259.20013428,-1716.54016113,-838.13598605,1486.63622266
138.47,0.07339331,259.20013428,-1716.53942871,-838.13802084,1486.63430162
138.52,0.07339331,259.20013428,-1716.53942871,-838.13802084,1486.63430162
138.68,0.07925048,259.20013428,-1716.55151367,-838.14728929,1486.64287803
138.73,0.07925048,259.20013428,-1716.55151367,-838.14728929,1486.64287803
138.88,0.08429226,259.20013428,-1716.55163574,-838.15662859,1486.63766653
138.93,0.08429226,259.20013428,-1716.55163574,-838.15662859,1486.63766653
139.08,0.07268780,259.20013428,-1716.55249023,-838.15396676,1486.64008395
139.13,0.07268780,259.20013428,-1716.55249023,-838.15396676,1486.64008395
139.28,0.06627856,259.20013428,-1716.55236816,-838.15723642,1486.63818657
139.33,0.06627856,259.20013428,-1716.55236816,-838.15723642,1486.63818657
139.48,0.06534924,259.20013428,-1716.56494141,-838.15915099,1486.65153458
139.53,0.06534924,259.20013428,-1716.56494141,-838.15915099,1486.65153458
139.68,0.07359260,259.20013428,-1716.57849121,-838.17183069,1486.65993582
139.73,0.07359260,259.20013428,-1716.57849121,-838.17183069,1486.65993582
139.88,0.05612808,259.20013428,-1716.57788086,-838.16865124,1486.66102362
139.93,0.05612808,259.20013428,-1716.57788086,-838.16865124,1486.66102362
140.08,0.04576555,259.20013428,-1716.57849121,-838.17622904,1486.65744485
140.13,0.04576555,259.20013428,-1716.57849121,-838.17622904,1486.65744485
140.28,0.01879693,259.20013428,-1716.56945801,-838.16781886,1486.65171773
140.33,0.01879693,259.20013428,-1716.56945801,-838.16781886,1486.65171773
140.48,0.07767763,259.20013428,-1716.61706543,-838.19115797,1486.69326843
140.53,0.07767763,259.20013428,-1716.61706543,-838.19115797,1486.69326843
140.69,0.02426050,259.20013428,-1716.59362793,-838.17515859,1486.67544003
140.74,0.02426050,259.20013428,-1716.59362793,-838.17515859,1486.67544003
140.89,0.02575586,259.20013428,-1716.59875488,-838.17299822,1486.68263960
140.94,0.02575586,259.20013428,-1716.59875488,-838.17299822,1486.68263960
141.09,0.00037021,259.20013428,-1716.58386230,-838.16688024,1486.66892914
141.14,0.00037021,259.20013428,-1716.58386230,-838.16688024,1486.66892914
141.29,0.02444098,259.20013428,-1716.56774902,-838.16511798,1486.65142243
141.34,0.02444098,259.20013428,-1716.56774902,-838.16511798,1486.65142243
141.49,0.02621488,259.20013428,-1716.56298828,-838.16361481,1486.64673066
141.54,0.02621488,259.20013428,-1716.56298828,-838.16361481,1486.64673066
141.69,0.07689512,259.20013428,-1716.62963867,-838.18210669,1486.71284725
141.74,0.07689512,259.20013428,-1716.62963867,-838.18210669,1486.71284725
141.89,0.01187031,259.20013428,-1716.59252930,-838.17174146,1486.67610497
141.94,0.01187031,259.20013428,-1716.59252930,-838.17174146,1486.67610497
142.10,0.00251120,259.20013428,-1716.58764648,-838.17045468,1486.67128980
142.15,0.00251120,259.20013428,-1716.58764648,-838.17045468,1486.67128980
142.30,0.01041903,259.20013428,-1716.57812500,-838.16860824,1486.66140728
142.35,0.01041903,259.20013428,-1716.57812500,-838.16860824,1486.66140728
142.49,0.00968554,259.20013428,-1716.57592773,-838.15322206,1486.66758131
142.54,0.00968554,259.20013428,-1716.57592773,-838.15322206,1486.66758131
142.70,0.06486569,259.20013428,-1716.61108398,-838.15435251,1486.70734136
142.75,0.06486569,259.20013428,-1716.61108398,-838.15435251,1486.70734136
142.89,0.28614535,259.20013428,-1716.75012207,-838.14573830,1486.87235365
142.94,0.28614535,259.20013428,-1716.75012207,-838.14573830,1486.87235365
143.10,0.16008576,259.20013428,-1716.68286133,-838.15165060,1486.79145088
143.15,0.16008576,259.20013428,-1716.68286133,-838.15165060,1486.79145088
143.30,0.13271810,259.20013428,-1716.68115234,-838.16461599,1486.78219248
143.35,0.13271810,259.20013428,-1716.68115234,-838.16461599,1486.78219248
143.50,0.50792881,259.20013428,-1716.99279785,-838.26415179,1487.08406896
143.55,0.50792881,259.20013428,-1716.99279785,-838.26415179,1487.08406896
143.70,0.67350778,259.20013428,-1717.20251465,-838.25093799,1487.33298474
143.75,0.67350778,259.20013428,-1717.20251465,-838.25093799,1487.33298474
143.91,0.65884985,259.20013428,-1717.24291992,-838.17696130,1487.42163602
143.96,0.65884985,259.20013428,-1717.24291992,-838.17696130,1487.42163602
144.10,0.37859340,259.20013428,-1717.21618652,-838.23107143,1487.35995346
144.15,0.37859340,259.20013428,-1717.21618652,-838.23107143,1487.35995346
144.30,0.37435959,259.20013428,-1717.30029297,-838.27705436,1487.43066176
144.35,0.37435959,259.20013428,-1717.30029297,-838.27705436,1487.43066176
144.50,0.32765276,259.20013428,-1717.35351562,-838.30757320,1487.47453523
144.55,0.32765276,259.20013428,-1717.35351562,-838.30757320,1487.47453523
144.70,0.07309222,259.20013428,-1717.25256348,-838.29673828,1487.36449778
144.75,0.07309222,259.20013428,-1717.25256348,-838.29673828,1487.36449778
144.90,0.34939805,259.20013428,-1716.97265625,-838.26223101,1487.06197679
144.95,0.34939805,259.20013428,-1716.97265625,-838.26223101,1487.06197679
145.11,0.46548306,259.20013428,-1716.83508301,-838.27241199,1486.89800596
145.16,0.46548306,259.20013428,-1716.83508301,-838.27241199,1486.89800596
145.31,0.44852152,259.20013428,-1716.77844238,-838.29488947,1486.81989985
145.36,0.44852152,259.20013428,-1716.77844238,-838.29488947,1486.81989985
145.51,0.29729203,259.20013428,-1716.77795410,-838.28034445,1486.82766615
145.56,0.29729203,259.20013428,-1716.77795410,-838.28034445,1486.82766615
145.71,0.16150050,259.20013428,-1716.77001953,-838.23121442,1486.84657487
145.76,0.16150050,259.20013428,-1716.77001953,-838.23121442,1486.84657487
145.91,0.09386014,259.20013428,-1716.76660156,-838.20859764,1486.85540995
145.96,0.09386014,259.20013428,-1716.76660156,-838.20859764,1486.85540995
146.11,0.07478483,259.20013428,-1716.86645508,-838.20952235,1486.96984346
146.16,0.07478483,259.20013428,-1716.86645508,-838.20952235,1486.96984346
146.31,0.27443933,259.20013428,-1716.99926758,-838.18220070,1487.13816781
146.36,0.27443933,259.20013428,-1716.99926758,-838.18220070,1487.13816781
146.52,0.22427723,259.20013428,-1717.00158691,-838.16784251,1487.14906253
146.57,0.22427723,259.20013428,-1717.00158691,-838.16784251,1487.14906253
146.71,0.15334913,259.20013428,-1717.01342773,-838.16596304,1487.16384597
146.76,0.15334913,259.20013428,-1717.01342773,-838.16596304,1487.16384597
146.91,0.05342836,259.20013428,-1717.02868652,-838.19351544,1487.16559060
146.96,0.05342836,259.20013428,-1717.02868652,-838.19351544,1487.16559060
147.12,0.03867874,259.20013428,-1717.02258301,-838.24466843,1487.12947713
147.17,0.03867874,259.20013428,-1717.02258301,-838.24466843,1487.12947713
147.32,0.03469911,259.20013428,-1717.00830078,-838.25146343,1487.10917240
147.37,0.03469911,259.20013428,-1717.00830078,-838.25146343,1487.10917240
147.52,0.00184614,259.20013428,-1716.99133301,-838.23686280,1487.09803952
147.57,0.00184614,259.20013428,-1716.99133301,-838.23686280,1487.09803952
147.72,0.03271169,259.20013428,-1716.97106934,-838.21854529,1487.08510365
147.77,0.03271169,259.20013428,-1716.97106934,-838.21854529,1487.08510365
147.92,0.06395677,259.20013428,-1716.94714355,-838.20143129,1487.06724481
147.97,0.06395677,259.20013428,-1716.94714355,-838.20143129,1487.06724481
148.12,0.05515387,259.20013428,-1716.93701172,-838.20438459,1487.05391804
148.17,0.05515387,259.20013428,-1716.93701172,-838.20438459,1487.05391804
148.33,0.18009535,259.20013428,-1716.86535645,-838.11951858,1487.01979366
148.38,0.18009535,259.20013428,-1716.86535645,-838.11951858,1487.01979366
148.52,0.24340589,259.20013428,-1716.79614258,-838.07057632,1486.96805162
148.57,0.24340589,259.20013428,-1716.79614258,-838.07057632,1486.96805162
148.73,0.25351972,259.20013428,-1716.74536133,-838.06952763,1486.91022209
148.78,0.25351972,259.20013428,-1716.74536133,-838.06952763,1486.91022209
148.93,0.24397499,259.20013428,-1716.71691895,-838.11055718,1486.85414971
148.98,0.24397499,259.20013428,-1716.71691895,-838.11055718,1486.85414971
149.13,0.34923449,259.20013428,-1716.63427734,-838.13999974,1486.74216739
149.18,0.34923449,259.20013428,-1716.63427734,-838.13999974,1486.74216739
149.33,0.38256253,259.20013428,-1716.58874512,-838.17265295,1486.67126856
149.38,0.38256253,259.20013428,-1716.58874512,-838.17265295,1486.67126856
149.53,0.38749769,259.20013428,-1716.55505371,-838.20689534,1486.61297410
149.58,0.38749769,259.20013428,-1716.55505371,-838.20689534,1486.61297410
149.73,0.29358644,259.20013428,-1716.56738281,-838.22309144,1486.61790652
149.78,0.29358644,259.20013428,-1716.56738281,-838.22309144,1486.61790652
149.93,0.19429234,259.20013428,-1716.58203125,-838.22019138,1486.63646284
149.98,0.19429234,259.20013428,-1716.58203125,-838.22019138,1486.63646284
150.14,0.14292236,259.20013428,-1716.59167480,-838.22639663,1486.64399768
150.19,0.14292236,259.20013428,-1716.59167480,-838.22639663,1486.64399768
150.34,0.08133766,259.20013428,-1716.59887695,-838.21400999,1486.65928835
150.39,0.08133766,259.20013428,-1716.59887695,-838.21400999,1486.65928835
150.54,0.03658654,259.20013428,-1716.59838867,-838.19782717,1486.66792570
150.59,0.03658654,259.20013428,-1716.59838867,-838.19782717,1486.66792570
150.74,0.01852669,259.20013428,-1716.59924316,-838.19209218,1486.67218112
150.79,0.01852669,259.20013428,-1716.59924316,-838.19209218,1486.67218112
150.94,0.00347577,259.20013428,-1716.60327148,-838.18548147,1486.68067715
150.99,0.00347577,259.20013428,-1716.60327148,-838.18548147,1486.68067715
151.14,0.00012973,259.20013428,-1716.61804199,-838.18297406,1486.69913372
151.19,0.00012973,259.20013428,-1716.61804199,-838.18297406,1486.69913372
151.34,0.00004221,259.20013428,-1716.61950684,-838.18231620,1486.70119108
151.39,0.00004221,259.20013428,-1716.61950684,-838.18231620,1486.70119108
151.55,0.00624234,259.20013428,-1716.61474609,-838.17918949,1486.69740183
151.60,0.00624234,259.20013428,-1716.61474609,-838.17918949,1486.69740183
151.75,0.01606867,259.20013428,-1716.60705566,-838.17321960,1486.69203071
151.80,0.01606867,259.20013428,-1716.60705566,-838.17321960,1486.69203071
151.95,0.02630086,259.20013428,-1716.59741211,-838.17243188,1486.68140190
152.00,0.02630086,259.20013428,-1716.59741211,-838.17243188,1486.68140190
152.15,0.03355558,259.20013428,-1716.58850098,-838.16957162,1486.67267923
152.20,0.03355558,259.20013428,-1716.58850098,-838.16957162,1486.67267923
152.35,0.05578649,259.20013428,-1716.56787109,-838.16352220,1486.65246947
152.40,0.05578649,259.20013428,-1716.56787109,-838.16352220,1486.65246947
152.55,0.00154066,259.20013428,-1716.59948730,-838.18380657,1486.67728605
152.60,0.00154066,259.20013428,-1716.59948730,-838.18380657,1486.67728605
152.75,0.05301383,259.20013428,-1716.56201172,-838.17393827,1486.63978735
152.80,0.05301383,259.20013428,-1716.56201172,-838.17393827,1486.63978735
152.96,0.08014514,259.20013428,-1716.54602051,-838.18238073,1486.61653365
153.01,0.08014514,259.20013428,-1716.54602051,-838.18238073,1486.61653365
153.16,0.05322937,259.20013428,-1716.55273438,-838.18330330,1486.62380500
153.21,0.05322937,259.20013428,-1716.55273438,-838.18330330,1486.62380500
153.36,0.01597828,259.20013428,-1716.56372070,-838.17742175,1486.63979598
153.41,0.01597828,259.20013428,-1716.56372070,-838.17742175,1486.63979598
153.56,0.00149032,259.20013428,-1716.57116699,-838.17422977,1486.65014848
153.61,0.00149032,259.20013428,-1716.57116699,-838.17422977,1486.65014848
153.76,0.00281681,259.20013428,-1716.57263184,-838.17393906,1486.65203543
153.81,0.00281681,259.20013428,-1716.57263184,-838.17393906,1486.65203543
153.96,0.01874925,259.20013428,-1716.57946777,-838.16737609,1486.66361760
154.01,0.01874925,259.20013428,-1716.57946777,-838.16737609,1486.66361760
154.16,0.00280275,259.20013428,-1716.56958008,-838.17169116,1486.64972531
154.21,0.00280275,259.20013428,-1716.56958008,-838.17169116,1486.64972531
154.37,0.02109591,259.20013428,-1716.56750488,-838.15987701,1486.65409990
154.42,0.02109591,259.20013428,-1716.56750488,-838.15987701,1486.65409990
154.56,0.02511161,259.20013428,-1716.56311035,-838.15467992,1486.65203085
154.61,0.02511161,259.20013428,-1716.56311035,-838.15467992,1486.65203085
154.76,0.02225651,259.20013428,-1716.55932617,-838.15426816,1486.64786733
154.81,0.02225651,259.20013428,-1716.55932617,-838.15426816,1486.64786733
154.97,0.01737412,259.20013428,-1716.55920410,-838.15422206,1486.64768402
155.02,0.01737412,259.20013428,-1716.55920410,-838.15422206,1486.64768402
155.17,0.02072536,259.20013428,-1716.57043457,-838.18487022,1486.64313063
155.22,0.02072536,259.20013428,-1716.57043457,-838.18487022,1486.64313063
155.36,0.00709170,259.20013428,-1716.56481934,-838.17713497,1486.64116690
155.41,0.00709170,259.20013428,-1716.56481934,-838.17713497,1486.64116690
155.56,0.01090702,259.20013428,-1716.55480957,-838.16768661,1486.63504054
155.61,0.01090702,259.20013428,-1716.55480957,-838.16768661,1486.63504054
155.77,0.06320177,259.20013428,-1716.52197266,-838.14229508,1486.61166178
155.82,0.06320177,259.20013428,-1716.52197266,-838.14229508,1486.61166178
155.96,0.15380268,259.20013428,-1716.46179199,-838.10967377,1486.56098594
156.01,0.15380268,259.20013428,-1716.46179199,-838.10967377,1486.56098594
156.17,0.27541077,259.20013428,-1716.38012695,-838.08208199,1486.48280581
156.22,0.27541077,259.20013428,-1716.38012695,-838.08208199,1486.48280581
156.37,0.37245950,259.20013428,-1716.32128906,-838.08889048,1486.41107273
156.42,0.37245950,259.20013428,-1716.32128906,-838.08889048,1486.41107273
156.57,0.57756336,259.20013428,-1716.17822266,-838.07496520,1486.25441691
156.62,0.57756336,259.20013428,-1716.17822266,-838.07496520,1486.25441691
156.77,0.94134821,259.20013428,-1715.84350586,-837.98213972,1485.92214190
156.82,0.94134821,259.20013428,-1715.84350586,-837.98213972,1485.92214190
156.97,1.31688077,259.20013428,-1715.42712402,-837.89031110,1485.49530027
157.02,1.31688077,259.20013428,-1715.42712402,-837.89031110,1485.49530027
158.40,1.56794101,259.20013428,-1715.00878906,-837.79166360,1485.06984744
158.45,1.56794101,259.20013428,-1715.00878906,-837.79166360,1485.06984744
158.40,1.81601259,259.20013428,-1714.53942871,-837.67673675,1484.59504097
158.45,1.81601259,259.20013428,-1714.53942871,-837.67673675,1484.59504097
158.40,1.95443542,259.20013428,-1714.08654785,-837.55312821,1484.14429257
158.45,1.95443542,259.20013428,-1714.08654785,-837.55312821,1484.14429257
158.41,2.06032351,259.20013428,-1713.63171387,-837.43998480,1483.68512151
158.46,2.06032351,259.20013428,-1713.63171387,-837.43998480,1483.68512151
158.41,2.06515765,259.20013428,-1713.20312500,-837.29146750,1483.27655144
158.46,2.06515765,259.20013428,-1713.20312500,-837.29146750,1483.27655144
158.42,2.20204674,259.20013428,-1712.70812988,-837.17347185,1482.77405654
158.47,2.20204674,259.20013428,-1712.70812988,-837.17347185,1482.77405654
158.43,2.15302905,259.20013428,-1712.30700684,-837.06339620,1482.37505539
158.48,2.15302905,259.20013428,-1712.30700684,-837.06339620,1482.37505539
158.58,2.12841328,259.20013428,-1711.90051270,-836.95723306,1481.96762462
158.63,2.12841328,259.20013428,-1711.90051270,-836.95723306,1481.96762462
158.78,2.21630925,259.20013428,-1711.42382812,-836.81677081,1481.49886356
158.83,2.21630925,259.20013428,-1711.42382812,-836.81677081,1481.49886356
158.98,2.30399949,259.20013428,-1710.91748047,-836.65634611,1481.00742427
159.03,2.30399949,259.20013428,-1710.91748047,-836.65634611,1481.00742427
159.18,2.40461735,259.20013428,-1710.39013672,-836.48606004,1480.49744969
159.23,2.40461735,259.20013428,-1710.39013672,-836.48606004,1480.49744969
159.38,2.58044304,259.20013428,-1709.80114746,-836.32265408,1479.91249653
159.43,2.58044304,259.20013428,-1709.80114746,-836.32265408,1479.91249653
159.58,2.50895050,259.20013428,-1709.34118652,-836.17382290,1479.46784982
159.63,2.50895050,259.20013428,-1709.34118652,-836.17382290,1479.46784982
159.78,2.64680417,259.20013428,-1708.76000977,-836.02377701,1478.88433489
159.83,2.64680417,259.20013428,-1708.76000977,-836.02377701,1478.88433489
159.99,2.72348471,259.20013428,-1708.18212891,-835.83977157,1478.32383344
160.04,2.72348471,259.20013428,-1708.18212891,-835.83977157,1478.32383344
160.19,2.77386027,259.20013428,-1707.62573242,-835.70876700,1477.75788006
160.24,2.77386027,259.20013428,-1707.62573242,-835.70876700,1477.75788006
160.39,3.07085283,259.20013428,-1706.88220215,-835.51237230,1477.01385132
160.44,3.07085283,259.20013428,-1706.88220215,-835.51237230,1477.01385132
160.59,3.35658648,259.20013428,-1706.07214355,-835.25514585,1476.22775638
160.64,3.35658648,259.20013428,-1706.07214355,-835.25514585,1476.22775638
160.79,3.42289960,259.20013428,-1705.37426758,-835.08940644,1475.51858659
160.84,3.42289960,259.20013428,-1705.37426758,-835.08940644,1475.51858659
160.99,3.51064841,259.20013428,-1704.64892578,-834.92123200,1474.77923928
161.04,3.51064841,259.20013428,-1704.64892578,-834.92123200,1474.77923928
161.19,3.64841016,259.20013428,-1703.86486816,-834.73601488,1473.98187128
161.24,3.64841016,259.20013428,-1703.86486816,-834.73601488,1473.98187128
161.40,3.71285007,259.20013428,-1703.12756348,-834.59981727,1473.21034783
161.45,3.71285007,259.20013428,-1703.12756348,-834.59981727,1473.21034783
161.59,3.81787735,259.20013428,-1702.32836914,-834.36117021,1472.42598901
161.64,3.81787735,259.20013428,-1702.32836914,-834.36117021,1472.42598901
161.79,3.97755843,259.20013428,-1701.46691895,-834.13156442,1471.56487388
161.84,3.97755843,259.20013428,-1701.46691895,-834.13156442,1471.56487388
162.00,4.00882748,259.20013428,-1700.68127441,-833.93338864,1470.77291576
162.05,4.00882748,259.20013428,-1700.68127441,-833.93338864,1470.77291576
162.20,4.00907342,259.20013428,-1699.89794922,-833.72234468,1469.99104657
162.25,4.00907342,259.20013428,-1699.89794922,-833.72234468,1469.99104657
162.40,4.00334744,259.20013428,-1699.12548828,-833.53660364,1469.20716007
162.45,4.00334744,259.20013428,-1699.12548828,-833.53660364,1469.20716007
162.60,3.69173236,259.20013428,-1698.58605957,-833.42766091,1468.64798631
162.65,3.69173236,259.20013428,-1698.58605957,-833.42766091,1468.64798631
162.80,3.61066272,259.20013428,-1697.94030762,-833.27868529,1467.98891610
162.85,3.61066272,259.20013428,-1697.94030762,-833.27868529,1467.98891610
163.00,3.66769864,259.20013428,-1697.21313477,-833.11731323,1467.24316468
163.05,3.66769864,259.20013428,-1697.21313477,-833.11731323,1467.24316468
163.20,3.98973769,259.20013428,-1696.27136230,-832.88328262,1466.29161450
163.25,3.98973769,259.20013428,-1696.27136230,-832.88328262,1466.29161450
163.40,4.31950178,259.20013428,-1695.28088379,-832.61815219,1465.30186231
163.45,4.31950178,259.20013428,-1695.28088379,-832.61815219,1465.30186231
163.61,4.45703010,259.20013428,-1694.31896973,-832.34906818,1464.34720508
163.66,4.45703010,259.20013428,-1694.31896973,-832.34906818,1464.34720508
163.81,4.29297426,259.20013428,-1693.59387207,-832.21459359,1463.58809892
163.86,4.29297426,259.20013428,-1693.59387207,-832.21459359,1463.58809892
164.00,4.96044324,259.20013428,-1692.28796387,-831.88709357,1462.27018180
164.05,4.96044324,259.20013428,-1692.28796387,-831.88709357,1462.27018180
164.21,5.61651340,259.20013428,-1690.86596680,-831.57536950,1460.80904409
164.26,5.61651340,259.20013428,-1690.86596680,-831.57536950,1460.80904409
164.41,5.60930063,259.20013428,-1689.76440430,-831.32113080,1459.68459696
164.46,5.60930063,259.20013428,-1689.76440430,-831.32113080,1459.68459696
164.61,5.23696895,259.20013428,-1688.96362305,-831.14480779,1458.86211175
164.66,5.23696895,259.20013428,-1688.96362305,-831.14480779,1458.86211175
164.81,5.07702321,259.20013428,-1688.09606934,-830.97332045,1457.95981369
164.86,5.07702321,259.20013428,-1688.09606934,-830.97332045,1457.95981369
165.01,5.10988840,259.20013428,-1687.07861328,-830.67814343,1456.95566039
165.06,5.10988840,259.20013428,-1687.07861328,-830.67814343,1456.95566039
165.21,5.10705456,259.20013428,-1686.10791016,-830.46088562,1455.96060643
165.26,5.10705456,259.20013428,-1686.10791016,-830.46088562,1455.96060643
165.41,5.12733610,259.20013428,-1685.12023926,-830.24909851,1454.94266284
165.46,5.12733610,259.20013428,-1685.12023926,-830.24909851,1454.94266284
165.62,5.07766464,259.20013428,-1684.19384766,-830.08843533,1453.96582472
165.67,5.07766464,259.20013428,-1684.19384766,-830.08843533,1453.96582472
165.82,5.11361458,259.20013428,-1683.20520020,-829.88060163,1452.94432515
165.87,5.11361458,259.20013428,-1683.20520020,-829.88060163,1452.94432515
166.01,5.19611581,259.20013428,-1682.14208984,-829.58513503,1451.88750674
166.06,5.19611581,259.20013428,-1682.14208984,-829.58513503,1451.88750674
166.22,5.22410032,259.20013428,-1681.12658691,-829.35197082,1450.84942180
166.27,5.22410032,259.20013428,-1681.12658691,-829.35197082,1450.84942180
166.42,5.22874803,259.20013428,-1680.10473633,-829.06638848,1449.83420180
166.47,5.22874803,259.20013428,-1680.10473633,-829.06638848,1449.83420180
166.62,5.33923527,259.20013428,-1679.03063965,-828.79152017,1448.75259538
166.67,5.33923527,259.20013428,-1679.03063965,-828.79152017,1448.75259538
166.82,5.48541544,259.20013428,-1677.90832520,-828.54774399,1447.59711472
166.87,5.48541544,259.20013428,-1677.90832520,-828.54774399,1447.59711472
167.02,5.54891561,259.20013428,-1676.81689453,-828.30234335,1446.47814572
167.07,5.54891561,259.20013428,-1676.81689453,-828.30234335,1446.47814572
167.22,5.52170237,259.20013428,-1675.78735352,-828.10661414,1445.40193748
167.27,5.52170237,259.20013428,-1675.78735352,-828.10661414,1445.40193748
167.42,5.18103750,259.20013428,-1674.95654297,-827.89802999,1444.56273880
167.47,5.18103750,259.20013428,-1674.95654297,-827.89802999,1444.56273880
167.63,4.78509103,259.20013428,-1674.23632812,-827.73739711,1443.82342576
167.68,4.78509103,259.20013428,-1674.23632812,-827.73739711,1443.82342576
