73.58,0.00000000,259.20013428,-1789.04296875,-852.02633683,1561.95901133
73.63,0.00000000,259.20013428,-1789.04296875,-852.02633683,1561.95901133
73.78,0.26922556,259.20013428,-1788.75842285,-851.94767616,1561.67744583
73.83,0.26922556,259.20013428,-1788.75842285,-851.94767616,1561.67744583
73.98,0.56312326,259.20013428,-1788.39465332,-851.85690637,1561.31215743
74.03,0.56312326,259.20013428,-1788.39465332,-851.85690637,1561.31215743
74.18,1.43809582,259.20013428,-1788.00097656,-851.70097052,1560.94866609
74.23,1.43809582,259.20013428,-1788.00097656,-851.70097052,1560.94866609
74.38,2.53793725,259.20013428,-1787.34521484,-851.47744130,1560.32317725
74.43,2.53793725,259.20013428,-1787.34521484,-851.47744130,1560.32317725
74.57,1.90184581,259.20013428,-1787.24780273,-851.43285419,1560.23635601
74.62,1.90184581,259.20013428,-1787.24780273,-851.43285419,1560.23635601
74.78,1.47736116,259.20013428,-1787.13439941,-851.34979396,1560.15266445
74.83,1.47736116,259.20013428,-1787.13439941,-851.34979396,1560.15266445
74.98,1.21070379,259.20013428,-1787.07104492,-851.41369170,1560.04501896
75.03,1.21070379,259.20013428,-1787.07104492,-851.41369170,1560.04501896
75.18,1.08029846,259.20013428,-1786.92333984,-851.25874500,1559.96185891
75.23,1.08029846,259.20013428,-1786.92333984,-851.25874500,1559.96185891
75.38,1.16972490,259.20013428,-1786.70214844,-851.40269017,1559.62985618
75.43,1.16972490,259.20013428,-1786.70214844,-851.40269017,1559.62985618
75.59,1.59226915,259.20013428,-1786.16540527,-851.22209607,1559.11658814
75.64,1.59226915,259.20013428,-1786.16540527,-851.22209607,1559.11658814
75.79,1.98050185,259.20013428,-1785.54187012,-850.97259490,1558.54206670
75.84,1.98050185,259.20013428,-1785.54187012,-850.97259490,1558.54206670
75.99,2.36366149,259.20013428,-1784.87072754,-850.75953976,1557.89311369
76.04,2.36366149,259.20013428,-1784.87072754,-850.75953976,1557.89311369
76.19,2.61833165,259.20013428,-1784.22375488,-850.59324204,1557.24598467
76.24,2.61833165,259.20013428,-1784.22375488,-850.59324204,1557.24598467
76.39,2.81951363,259.20013428,-1783.56860352,-850.46079948,1556.57083652
76.44,2.81951363,259.20013428,-1783.56860352,-850.46079948,1556.57083652
76.59,2.93465903,259.20013428,-1782.94494629,-850.33030884,1555.93047075
76.64,2.93465903,259.20013428,-1782.94494629,-850.33030884,1555.93047075
76.80,3.15112241,259.20013428,-1782.21166992,-850.12618414,1555.20545040
76.85,3.15112241,259.20013428,-1782.21166992,-850.12618414,1555.20545040
76.99,3.28077982,259.20013428,-1781.52600098,-849.96114236,1554.51334621
77.04,3.28077982,259.20013428,-1781.52600098,-849.96114236,1554.51334621
77.19,3.62218460,259.20013428,-1780.64306641,-849.69043050,1553.65417329
77.24,3.62218460,259.20013428,-1780.64306641,-849.69043050,1553.65417329
77.39,3.79840313,259.20013428,-1779.78344727,-849.45553629,1552.80171190
77.44,3.79840313,259.20013428,-1779.78344727,-849.45553629,1552.80171190
77.59,3.49691954,259.20013428,-1779.26843262,-849.33425734,1552.28042241
77.64,3.49691954,259.20013428,-1779.26843262,-849.33425734,1552.28042241
77.80,3.89015843,259.20013428,-1778.31420898,-849.07580738,1551.33295279
77.85,3.89015843,259.20013428,-1778.31420898,-849.07580738,1551.33295279
78.00,4.34597038,259.20013428,-1777.20825195,-848.76516394,1550.24095260
78.05,4.34597038,259.20013428,-1777.20825195,-848.76516394,1550.24095260
78.20,4.25473139,259.20013428,-1776.45898438,-848.57286766,1549.49112653
78.25,4.25473139,259.20013428,-1776.45898438,-848.57286766,1549.49112653
78.40,4.33305686,259.20013428,-1775.55224609,-848.35072324,1548.57759386
78.45,4.33305686,259.20013428,-1775.55224609,-848.35072324,1548.57759386
78.60,3.65636280,259.20013428,-1775.19165039,-848.27795504,1548.20586839
78.65,3.65636280,259.20013428,-1775.19165039,-848.27795504,1548.20586839
78.80,3.21905611,259.20013428,-1774.79553223,-848.17632372,1547.80932466
78.85,3.21905611,259.20013428,-1774.79553223,-848.17632372,1547.80932466
79.00,3.09288437,259.20013428,-1774.25939941,-848.02003802,1547.28307715
79.05,3.09288437,259.20013428,-1774.25939941,-848.02003802,1547.28307715
79.20,3.24888099,259.20013428,-1773.55432129,-847.83760556,1546.57818356
79.25,3.24888099,259.20013428,-1773.55432129,-847.83760556,1546.57818356
79.40,3.40333851,259.20013428,-1772.81372070,-847.63251992,1545.84506420
79.45,3.40333851,259.20013428,-1772.81372070,-847.63251992,1545.84506420
79.60,3.47837426,259.20013428,-1772.09863281,-847.45828688,1545.12407354
79.65,3.47837426,259.20013428,-1772.09863281,-847.45828688,1545.12407354
79.81,3.57694267,259.20013428,-1771.34619141,-847.24542889,1544.38166079
79.86,3.57694267,259.20013428,-1771.34619141,-847.24542889,1544.38166079
80.00,3.66875441,259.20013428,-1770.58190918,-847.03504018,1543.62456048
80.05,3.66875441,259.20013428,-1770.58190918,-847.03504018,1543.62456048
80.20,3.79499490,259.20013428,-1769.77917480,-846.82703837,1542.82205537
80.25,3.79499490,259.20013428,-1769.77917480,-846.82703837,1542.82205537
80.41,3.89436675,259.20013428,-1768.97058105,-846.61867016,1542.01290260
80.46,3.89436675,259.20013428,-1768.97058105,-846.61867016,1542.01290260
80.60,3.97176883,259.20013428,-1768.15417480,-846.38875681,1541.20692134
80.65,3.97176883,259.20013428,-1768.15417480,-846.38875681,1541.20692134
80.81,4.03304949,259.20013428,-1767.34313965,-846.17595244,1540.39741928
80.86,4.03304949,259.20013428,-1767.34313965,-846.17595244,1540.39741928
81.00,4.04990526,259.20013428,-1766.55578613,-845.98352889,1539.60379739
81.05,4.04990526,259.20013428,-1766.55578613,-845.98352889,1539.60379739
81.21,4.09100580,259.20013428,-1765.74877930,-845.79343395,1538.78622934
81.26,4.09100580,259.20013428,-1765.74877930,-845.79343395,1538.78622934
81.41,4.09373725,259.20013428,-1764.95788574,-845.60579938,1537.98566071
81.46,4.09373725,259.20013428,-1764.95788574,-845.60579938,1537.98566071
81.61,4.15639541,259.20013428,-1764.12658691,-845.41353046,1537.14162072
81.66,4.15639541,259.20013428,-1764.12658691,-845.41353046,1537.14162072
81.81,4.21949614,259.20013428,-1763.27819824,-845.19609566,1536.29191196
81.86,4.21949614,259.20013428,-1763.27819824,-845.19609566,1536.29191196
82.01,4.32524213,259.20013428,-1762.38708496,-844.98064864,1535.39203042
82.06,4.32524213,259.20013428,-1762.38708496,-844.98064864,1535.39203042
82.21,4.35619043,259.20013428,-1761.51550293,-844.72335094,1534.53787790
82.26,4.35619043,259.20013428,-1761.51550293,-844.72335094,1534.53787790
82.41,4.31295549,259.20013428,-1760.70166016,-844.52055493,1533.71933719
82.46,4.31295549,259.20013428,-1760.70166016,-844.52055493,1533.71933719
82.61,4.38053072,259.20013428,-1759.81311035,-844.27942181,1532.83666636
82.66,4.38053072,259.20013428,-1759.81311035,-844.27942181,1532.83666636
82.82,4.38240957,259.20013428,-1758.97839355,-844.10461442,1531.97872150
82.87,4.38240957,259.20013428,-1758.97839355,-844.10461442,1531.97872150
83.01,4.44875104,259.20013428,-1758.08581543,-843.87827456,1531.08317517
83.06,4.44875104,259.20013428,-1758.08581543,-843.87827456,1531.08317517
83.21,4.48246070,259.20013428,-1757.19201660,-843.62579487,1530.20073110
83.26,4.48246070,259.20013428,-1757.19201660,-843.62579487,1530.20073110
83.42,4.51996600,259.20013428,-1756.28234863,-843.34411367,1529.31622393
83.47,4.51996600,259.20013428,-1756.28234863,-843.34411367,1529.31622393
83.62,4.56246922,259.20013428,-1755.37829590,-843.12825622,1528.40173741
83.67,4.56246922,259.20013428,-1755.37829590,-843.12825622,1528.40173741
83.82,4.57712498,259.20013428,-1754.47595215,-842.87257625,1527.51114166
83.87,4.57712498,259.20013428,-1754.47595215,-842.87257625,1527.51114166
84.02,4.57594897,259.20013428,-1753.59350586,-842.66333767,1526.61740810
84.07,4.57594897,259.20013428,-1753.59350586,-842.66333767,1526.61740810
84.22,4.60425947,259.20013428,-1752.69995117,-842.47619980,1525.69873933
84.27,4.60425947,259.20013428,-1752.69995117,-842.47619980,1525.69873933
84.42,4.60657569,259.20013428,-1751.82250977,-842.30860277,1524.78734081
84.47,4.60657569,259.20013428,-1751.82250977,-842.30860277,1524.78734081
84.62,4.60731753,259.20013428,-1750.93945312,-842.12270735,1523.87983627
84.67,4.60731753,259.20013428,-1750.93945312,-842.12270735,1523.87983627
84.82,4.63897654,259.20013428,-1750.03344727,-841.90981695,1522.96110044
84.87,4.63897654,259.20013428,-1750.03344727,-841.90981695,1522.96110044
85.02,4.61548403,259.20013428,-1749.14978027,-841.69032226,1522.07144339
85.07,4.61548403,259.20013428,-1749.14978027,-841.69032226,1522.07144339
85.22,4.60175672,259.20013428,-1748.25585938,-841.43822629,1521.18818976
85.27,4.60175672,259.20013428,-1748.25585938,-841.43822629,1521.18818976
85.43,4.54716639,259.20013428,-1747.40991211,-841.24498308,1520.32712479
85.48,4.54716639,259.20013428,-1747.40991211,-841.24498308,1520.32712479
85.63,4.55125340,259.20013428,-1746.53247070,-841.04488916,1519.43387941
85.68,4.55125340,259.20013428,-1746.53247070,-841.04488916,1519.43387941
85.83,4.51476316,259.20013428,-1745.68676758,-840.85411473,1518.57153302
85.88,4.51476316,259.20013428,-1745.68676758,-840.85411473,1518.57153302
86.03,4.50164118,259.20013428,-1744.83325195,-840.67062826,1517.69598389
86.08,4.50164118,259.20013428,-1744.83325195,-840.67062826,1517.69598389
86.23,4.54402333,259.20013428,-1743.93164062,-840.43369381,1516.79539255
86.28,4.54402333,259.20013428,-1743.93164062,-840.43369381,1516.79539255
86.43,4.54431731,259.20013428,-1743.04333496,-840.18321804,1515.91762080
86.48,4.54431731,259.20013428,-1743.04333496,-840.18321804,1515.91762080
86.63,4.57866460,259.20013428,-1742.13134766,-839.93125011,1515.01356325
86.68,4.57866460,259.20013428,-1742.13134766,-839.93125011,1515.01356325
86.83,4.59159434,259.20013428,-1741.22595215,-839.66631094,1514.12418351
86.88,4.59159434,259.20013428,-1741.22595215,-839.66631094,1514.12418351
87.03,4.56027122,259.20013428,-1740.35803223,-839.44429758,1513.25361901
87.08,4.56027122,259.20013428,-1740.35803223,-839.44429758,1513.25361901
87.23,4.55135836,259.20013428,-1739.46960449,-839.17276467,1512.38733664
87.28,4.55135836,259.20013428,-1739.46960449,-839.17276467,1512.38733664
87.44,4.53279783,259.20013428,-1738.61645508,-839.01676615,1511.49668029
87.49,4.53279783,259.20013428,-1738.61645508,-839.01676615,1511.49668029
87.63,4.54553165,259.20013428,-1737.75927734,-838.89384679,1510.58283521
87.68,4.54553165,259.20013428,-1737.75927734,-838.89384679,1510.58283521
87.84,4.56206761,259.20013428,-1736.89343262,-838.75604633,1509.66737830
87.89,4.56206761,259.20013428,-1736.89343262,-838.75604633,1509.66737830
88.03,4.55635236,259.20013428,-1736.03210449,-838.58462797,1508.77579761
88.08,4.55635236,259.20013428,-1736.03210449,-838.58462797,1508.77579761
88.24,4.56805982,259.20013428,-1735.14782715,-838.37474689,1507.87939051
88.29,4.56805982,259.20013428,-1735.14782715,-838.37474689,1507.87939051
88.44,4.55273568,259.20013428,-1734.28686523,-838.19643899,1506.99203019
88.49,4.55273568,259.20013428,-1734.28686523,-838.19643899,1506.99203019
88.64,4.55171799,259.20013428,-1733.41662598,-838.01490271,1506.09583397
88.69,4.55171799,259.20013428,-1733.41662598,-838.01490271,1506.09583397
88.84,4.56938898,259.20013428,-1732.53930664,-837.84290272,1505.18609544
88.89,4.56938898,259.20013428,-1732.53930664,-837.84290272,1505.18609544
89.04,4.58342597,259.20013428,-1731.66162109,-837.66629226,1504.27828085
89.09,4.58342597,259.20013428,-1731.66162109,-837.66629226,1504.27828085
89.24,4.59154708,259.20013428,-1730.82019043,-837.59812221,1503.35122160
89.29,4.59154708,259.20013428,-1730.82019043,-837.59812221,1503.35122160
89.44,4.64517662,259.20013428,-1729.97912598,-837.60534398,1502.38179188
89.49,4.64517662,259.20013428,-1729.97912598,-837.60534398,1502.38179188
89.64,4.60964936,259.20013428,-1729.03588867,-837.22636749,1501.51278196
89.69,4.60964936,259.20013428,-1729.03588867,-837.22636749,1501.51278196
89.85,4.52735613,259.20013428,-1728.16076660,-836.90715507,1500.68814819
89.90,4.52735613,259.20013428,-1728.16076660,-836.90715507,1500.68814819
90.05,4.47853261,259.20013428,-1727.29614258,-836.61189266,1499.86204945
90.10,4.47853261,259.20013428,-1727.29614258,-836.61189266,1499.86204945
90.25,4.48956342,259.20013428,-1726.41845703,-836.35942786,1498.99685913
90.30,4.48956342,259.20013428,-1726.41845703,-836.35942786,1498.99685913
90.45,4.48374180,259.20013428,-1725.55395508,-836.13636609,1498.13024144
90.50,4.48374180,259.20013428,-1725.55395508,-836.13636609,1498.13024144
90.65,4.53851789,259.20013428,-1724.65441895,-835.93182657,1497.21290925
90.70,4.53851789,259.20013428,-1724.65441895,-835.93182657,1497.21290925
90.85,4.56622271,259.20013428,-1723.76782227,-835.76171250,1496.29081177
90.90,4.56622271,259.20013428,-1723.76782227,-835.76171250,1496.29081177
91.05,4.57930487,259.20013428,-1722.89697266,-835.62527766,1495.36777077
91.10,4.57930487,259.20013428,-1722.89697266,-835.62527766,1495.36777077
91.25,4.62134390,259.20013428,-1722.00048828,-835.46633934,1494.42799292
91.30,4.62134390,259.20013428,-1722.00048828,-835.46633934,1494.42799292
91.46,4.62860319,259.20013428,-1721.11340332,-835.28653189,1493.51079160
91.51,4.62860319,259.20013428,-1721.11340332,-835.28653189,1493.51079160
91.65,4.63817364,259.20013428,-1720.22790527,-835.10828876,1492.59432694
91.70,4.63817364,259.20013428,-1720.22790527,-835.10828876,1492.59432694
91.85,4.66019167,259.20013428,-1719.32568359,-834.91402184,1491.66776200
91.90,4.66019167,259.20013428,-1719.32568359,-834.91402184,1491.66776200
92.06,4.72450298,259.20013428,-1718.39855957,-834.72493859,1490.70953275
92.11,4.72450298,259.20013428,-1718.39855957,-834.72493859,1490.70953275
92.26,4.74965619,259.20013428,-1717.47814941,-834.53005628,1489.76235981
92.31,4.74965619,259.20013428,-1717.47814941,-834.53005628,1489.76235981
92.46,4.74102646,259.20013428,-1716.57788086,-834.34398830,1488.83318333
92.51,4.74102646,259.20013428,-1716.57788086,-834.34398830,1488.83318333
92.66,4.74469978,259.20013428,-1715.67565918,-834.16994636,1487.89476533
92.71,4.74469978,259.20013428,-1715.67565918,-834.16994636,1487.89476533
92.86,4.72465538,259.20013428,-1714.78747559,-833.99137846,1486.97512314
92.91,4.72465538,259.20013428,-1714.78747559,-833.99137846,1486.97512314
93.06,4.72298835,259.20013428,-1713.89074707,-833.81516851,1486.04417951
93.11,4.72298835,259.20013428,-1713.89074707,-833.81516851,1486.04417951
94.50,4.69620847,259.20013428,-1713.01928711,-833.65507946,1485.13315270
94.55,4.69620847,259.20013428,-1713.01928711,-833.65507946,1485.13315270
94.51,4.66783262,259.20013428,-1711.25354004,-833.29857065,1483.30533319
94.56,4.66783262,259.20013428,-1711.25354004,-833.29857065,1483.30533319
94.52,4.75396608,259.20013428,-1710.31396484,-833.11500859,1482.32906575
94.57,4.75396608,259.20013428,-1710.31396484,-833.11500859,1482.32906575
94.53,4.71694247,259.20013428,-1709.44226074,-832.93847210,1481.42690915
94.58,4.71694247,259.20013428,-1709.44226074,-832.93847210,1481.42690915
94.53,4.67755089,259.20013428,-1708.57873535,-832.76667769,1480.53121349
94.58,4.67755089,259.20013428,-1708.57873535,-832.76667769,1480.53121349
94.53,4.65026534,259.20013428,-1707.70678711,-832.58031673,1479.63433165
94.58,4.65026534,259.20013428,-1707.70678711,-832.58031673,1479.63433165
94.67,4.55520042,259.20013428,-1706.88757324,-832.39827314,1478.79544892
94.72,4.55520042,259.20013428,-1706.88757324,-832.39827314,1478.79544892
94.87,4.64951509,259.20013428,-1705.96289062,-832.19689486,1477.84607043
94.92,4.64951509,259.20013428,-1705.96289062,-832.19689486,1477.84607043
95.07,4.72957933,259.20013428,-1705.03051758,-831.99518436,1476.88801735
95.12,4.72957933,259.20013428,-1705.03051758,-831.99518436,1476.88801735
95.27,4.79811038,259.20013428,-1704.08691406,-831.79011224,1475.91907556
95.32,4.79811038,259.20013428,-1704.08691406,-831.79011224,1475.91907556
95.46,4.89118267,259.20013428,-1703.11669922,-831.58012301,1474.92210189
95.51,4.89118267,259.20013428,-1703.11669922,-831.58012301,1474.92210189
95.66,4.85937742,259.20013428,-1702.21044922,-831.40592709,1473.97831541
95.71,4.85937742,259.20013428,-1702.21044922,-831.40592709,1473.97831541
95.87,4.84993444,259.20013428,-1701.29321289,-831.22555027,1473.02539578
95.92,4.84993444,259.20013428,-1701.29321289,-831.22555027,1473.02539578
96.07,4.86193881,259.20013428,-1700.39245605,-831.13489920,1472.04019202
96.12,4.86193881,259.20013428,-1700.39245605,-831.13489920,1472.04019202
96.27,4.36154287,259.20013428,-1699.83776855,-830.95491421,1471.50419882
96.32,4.36154287,259.20013428,-1699.83776855,-830.95491421,1471.50419882
96.47,4.19376499,259.20013428,-1699.14782715,-830.77449130,1470.81272244
96.52,4.19376499,259.20013428,-1699.14782715,-830.77449130,1470.81272244
96.67,4.13458858,259.20013428,-1698.42321777,-830.58943123,1470.08405181
96.72,4.13458858,259.20013428,-1698.42321777,-830.58943123,1470.08405181
96.87,4.19314779,259.20013428,-1697.62695312,-830.42520062,1469.26082577
96.92,4.19314779,259.20013428,-1697.62695312,-830.42520062,1469.26082577
97.07,4.07007011,259.20013428,-1696.92309570,-830.30823186,1468.51714537
97.12,4.07007011,259.20013428,-1696.92309570,-830.30823186,1468.51714537
97.27,4.96673730,259.20013428,-1695.56250000,-830.06329016,1467.09007320
97.32,4.96673730,259.20013428,-1695.56250000,-830.06329016,1467.09007320
97.47,5.36065117,259.20013428,-1694.36804199,-829.85900545,1465.83080097
97.52,5.36065117,259.20013428,-1694.36804199,-829.85900545,1465.83080097
97.68,5.50680114,259.20013428,-1693.27185059,-829.70746876,1464.65462744
97.73,5.50680114,259.20013428,-1693.27185059,-829.70746876,1464.65462744
97.87,4.95140347,259.20013428,-1692.65417480,-829.57036904,1464.02137700
97.92,4.95140347,259.20013428,-1692.65417480,-829.57036904,1464.02137700
98.07,4.48255466,259.20013428,-1691.99707031,-829.38088147,1463.37267923
98.12,4.48255466,259.20013428,-1691.99707031,-829.38088147,1463.37267923
98.28,4.83032163,259.20013428,-1690.93334961,-829.26899436,1462.21089109
98.33,4.83032163,259.20013428,-1690.93334961,-829.26899436,1462.21089109
98.48,4.71810653,259.20013428,-1690.10070801,-829.02605389,1461.39048104
98.53,4.71810653,259.20013428,-1690.10070801,-829.02605389,1461.39048104
98.68,4.70821421,259.20013428,-1689.14880371,-828.59778484,1460.53871229
98.73,4.70821421,259.20013428,-1689.14880371,-828.59778484,1460.53871229
98.88,4.96176571,259.20013428,-1688.07458496,-828.38693111,1459.42139181
98.93,4.96176571,259.20013428,-1688.07458496,-828.38693111,1459.42139181
99.08,4.48788105,259.20013428,-1687.42443848,-828.25846394,1458.74551322
99.13,4.48788105,259.20013428,-1687.42443848,-828.25846394,1458.74551322
99.28,4.88594826,259.20013428,-1686.30346680,-828.02772542,1457.58560847
99.33,4.88594826,259.20013428,-1686.30346680,-828.02772542,1457.58560847
99.48,5.00001981,259.20013428,-1685.30712891,-827.86875287,1456.52785764
99.53,5.00001981,259.20013428,-1685.30712891,-827.86875287,1456.52785764
99.68,5.07080203,259.20013428,-1684.28601074,-827.60557330,1455.50151795
99.73,5.07080203,259.20013428,-1684.28601074,-827.60557330,1455.50151795
99.88,4.03369842,259.20013428,-1684.07299805,-827.53460219,1455.29668269
99.93,4.03369842,259.20013428,-1684.07299805,-827.53460219,1455.29668269
100.09,3.99326482,259.20013428,-1683.30615234,-827.38929381,1454.49570109
100.14,3.99326482,259.20013428,-1683.30615234,-827.38929381,1454.49570109
100.29,4.20473642,259.20013428,-1682.43823242,-827.20138436,1453.60249288
100.34,4.20473642,259.20013428,-1682.43823242,-827.20138436,1453.60249288
100.49,3.78333059,259.20013428,-1681.92504883,-827.09365441,1453.07245921
100.54,3.78333059,259.20013428,-1681.92504883,-827.09365441,1453.07245921
100.69,3.65795504,259.20013428,-1681.30334473,-826.98270155,1452.41909176
100.74,3.65795504,259.20013428,-1681.30334473,-826.98270155,1452.41909176
100.89,4.73376611,259.20013428,-1679.84826660,-826.66170022,1450.92499610
100.94,4.73376611,259.20013428,-1679.84826660,-826.66170022,1450.92499610
101.09,4.33291092,259.20013428,-1679.22766113,-826.50755511,1450.29777243
101.14,4.33291092,259.20013428,-1679.22766113,-826.50755511,1450.29777243
101.29,4.18695074,259.20013428,-1678.50915527,-826.34036067,1449.56482002
101.34,4.18695074,259.20013428,-1678.50915527,-826.34036067,1449.56482002
101.49,4.14572352,259.20013428,-1677.74194336,-826.16837235,1448.77842286
101.54,4.14572352,259.20013428,-1677.74194336,-826.16837235,1448.77842286
101.69,4.20233387,259.20013428,-1676.92822266,-826.01665618,1447.92669796
101.74,4.20233387,259.20013428,-1676.92822266,-826.01665618,1447.92669796
101.89,4.35024947,259.20013428,-1676.04821777,-825.85561832,1447.00377406
101.94,4.35024947,259.20013428,-1676.04821777,-825.85561832,1447.00377406
102.09,4.32150569,259.20013428,-1675.23913574,-825.69625754,1446.16170419
102.14,4.32150569,259.20013428,-1675.23913574,-825.69625754,1446.16170419
102.29,4.05582208,259.20013428,-1674.59155273,-825.58407677,1445.47881631
102.34,4.05582208,259.20013428,-1674.59155273,-825.58407677,1445.47881631
102.49,3.69793092,259.20013428,-1674.05529785,-825.48646239,1444.91606899
102.54,3.69793092,259.20013428,-1674.05529785,-825.48646239,1444.91606899
