80.41,0.00437616,259.20013428,-1783.69360352,-850.63661054,1556.61642643
80.46,0.00437616,259.20013428,-1783.69360352,-850.63661054,1556.61642643
80.60,0.04604859,259.20013428,-1783.66247559,-850.61357747,1556.59367937
80.65,0.04604859,259.20013428,-1783.66247559,-850.61357747,1556.59367937
80.81,0.71241570,259.20013428,-1783.14941406,-850.39686198,1556.12718445
80.86,0.71241570,259.20013428,-1783.14941406,-850.39686198,1556.12718445
81.00,1.81014166,259.20013428,-1782.39794922,-850.10996394,1555.42725546
81.05,1.81014166,259.20013428,-1782.39794922,-850.10996394,1555.42725546
81.21,2.95865661,259.20013428,-1781.62768555,-850.03032363,1554.59124948
81.26,2.95865661,259.20013428,-1781.62768555,-850.03032363,1554.59124948
81.41,3.26021242,259.20013428,-1780.97583008,-849.89454176,1553.92158497
81.46,3.26021242,259.20013428,-1780.97583008,-849.89454176,1553.92158497
81.61,3.39423956,259.20013428,-1780.26855469,-849.69338927,1553.22465153
81.66,3.39423956,259.20013428,-1780.26855469,-849.69338927,1553.22465153
81.81,3.18436148,259.20013428,-1779.74450684,-849.53287956,1552.71454884
81.86,3.18436148,259.20013428,-1779.74450684,-849.53287956,1552.71454884
82.01,3.66388122,259.20013428,-1778.81469727,-849.27702143,1551.79362848
82.06,3.66388122,259.20013428,-1778.81469727,-849.27702143,1551.79362848
82.21,3.79009227,259.20013428,-1778.00866699,-849.05003310,1550.99800373
82.26,3.79009227,259.20013428,-1778.00866699,-849.05003310,1550.99800373
82.41,3.83508933,259.20013428,-1777.23217773,-848.81538486,1550.24053528
82.46,3.83508933,259.20013428,-1777.23217773,-848.81538486,1550.24053528
82.61,3.78121924,259.20013428,-1776.53088379,-848.64249172,1549.53468705
82.66,3.78121924,259.20013428,-1776.53088379,-848.64249172,1549.53468705
82.82,3.59753481,259.20013428,-1775.92883301,-848.46725329,1548.94364795
82.87,3.59753481,259.20013428,-1775.92883301,-848.46725329,1548.94364795
83.01,3.53122741,259.20013428,-1775.27368164,-848.27215146,1548.30279422
83.06,3.53122741,259.20013428,-1775.27368164,-848.27215146,1548.30279422
83.21,3.24310922,259.20013428,-1774.79125977,-848.10165346,1547.84572330
83.26,3.24310922,259.20013428,-1774.79125977,-848.10165346,1547.84572330
83.42,3.12162308,259.20013428,-1774.24670410,-847.89999854,1547.33496658
83.47,3.12162308,259.20013428,-1774.24670410,-847.89999854,1547.33496658
83.62,3.08576648,259.20013428,-1773.64599609,-847.70717847,1546.75506666
83.67,3.08576648,259.20013428,-1773.64599609,-847.70717847,1546.75506666
83.82,3.28840888,259.20013428,-1772.87341309,-847.44347250,1546.01789291
83.87,3.28840888,259.20013428,-1772.87341309,-847.44347250,1546.01789291
84.02,3.13234529,259.20013428,-1772.33410645,-847.26704495,1545.49927270
84.07,3.13234529,259.20013428,-1772.33410645,-847.26704495,1545.49927270
84.22,2.96479506,259.20013428,-1771.84521484,-847.11350559,1545.02533547
84.27,2.96479506,259.20013428,-1771.84521484,-847.11350559,1545.02533547
84.42,2.94427314,259.20013428,-1771.28259277,-846.96039534,1544.46702729
84.47,2.94427314,259.20013428,-1771.28259277,-846.96039534,1544.46702729
84.62,3.03883366,259.20013428,-1770.64245605,-846.78983585,1543.82967146
84.67,3.03883366,259.20013428,-1770.64245605,-846.78983585,1543.82967146
84.82,3.12214076,259.20013428,-1769.98840332,-846.58831291,1543.19361227
84.87,3.12214076,259.20013428,-1769.98840332,-846.58831291,1543.19361227
85.02,3.24151932,259.20013428,-1769.28637695,-846.35107340,1542.52244029
85.07,3.24151932,259.20013428,-1769.28637695,-846.35107340,1542.52244029
85.22,3.34850893,259.20013428,-1768.56530762,-846.10260714,1541.83566541
85.27,3.34850893,259.20013428,-1768.56530762,-846.10260714,1541.83566541
85.43,3.41281986,259.20013428,-1767.85351562,-845.85862943,1541.15706662
85.48,3.41281986,259.20013428,-1767.85351562,-845.85862943,1541.15706662
85.63,3.42167156,259.20013428,-1767.18090820,-845.68746917,1540.48293713
85.68,3.42167156,259.20013428,-1767.18090820,-845.68746917,1540.48293713
85.83,3.53486350,259.20013428,-1766.43884277,-845.52565471,1539.72413779
85.88,3.53486350,259.20013428,-1766.43884277,-845.52565471,1539.72413779
86.03,3.58090031,259.20013428,-1765.72985840,-845.37512969,1538.99685491
86.08,3.58090031,259.20013428,-1765.72985840,-845.37512969,1538.99685491
86.23,3.54217355,259.20013428,-1765.06054688,-845.19980049,1538.32862049
86.28,3.54217355,259.20013428,-1765.06054688,-845.19980049,1538.32862049
86.43,3.60519515,259.20013428,-1764.33068848,-845.02453185,1537.59102980
86.48,3.60519515,259.20013428,-1764.33068848,-845.02453185,1537.59102980
86.63,3.67714828,259.20013428,-1763.58959961,-844.87023177,1536.82907518
86.68,3.67714828,259.20013428,-1763.58959961,-844.87023177,1536.82907518
86.83,3.78687562,259.20013428,-1762.79223633,-844.66353926,1536.03188727
86.88,3.78687562,259.20013428,-1762.79223633,-844.66353926,1536.03188727
87.03,3.78368865,259.20013428,-1762.06677246,-844.49929129,1535.29320295
87.08,3.78368865,259.20013428,-1762.06677246,-844.49929129,1535.29320295
87.23,3.80247723,259.20013428,-1761.33276367,-844.34393519,1534.53967610
87.28,3.80247723,259.20013428,-1761.33276367,-844.34393519,1534.53967610
87.44,3.85488517,259.20013428,-1760.55822754,-844.15804731,1533.75701312
87.49,3.85488517,259.20013428,-1760.55822754,-844.15804731,1533.75701312
87.63,3.96915402,259.20013428,-1759.73950195,-843.96194459,1532.92903894
87.68,3.96915402,259.20013428,-1759.73950195,-843.96194459,1532.92903894
87.84,4.02841624,259.20013428,-1758.92370605,-843.74186837,1532.11808690
87.89,4.02841624,259.20013428,-1758.92370605,-843.74186837,1532.11808690
88.03,4.12160947,259.20013428,-1758.06860352,-843.47844530,1531.28605983
88.08,4.12160947,259.20013428,-1758.06860352,-843.47844530,1531.28605983
88.24,4.17824995,259.20013428,-1757.22766113,-843.22290885,1530.46578004
88.29,4.17824995,259.20013428,-1757.22766113,-843.22290885,1530.46578004
88.44,4.23244553,259.20013428,-1756.38098145,-843.00840743,1529.61623127
88.49,4.23244553,259.20013428,-1756.38098145,-843.00840743,1529.61623127
88.64,4.32490985,259.20013428,-1755.50415039,-842.81699825,1528.71915813
88.69,4.32490985,259.20013428,-1755.50415039,-842.81699825,1528.71915813
88.84,4.45972533,259.20013428,-1754.57604980,-842.60397656,1527.77536928
88.89,4.45972533,259.20013428,-1754.57604980,-842.60397656,1527.77536928
89.04,4.50695753,259.20013428,-1753.68457031,-842.39292911,1526.87242428
89.09,4.50695753,259.20013428,-1753.68457031,-842.39292911,1526.87242428
89.24,4.57840477,259.20013428,-1752.77246094,-842.19879883,1525.93642422
89.29,4.57840477,259.20013428,-1752.77246094,-842.19879883,1525.93642422
89.44,4.68859696,259.20013428,-1751.81823730,-841.97766026,1524.96718143
89.49,4.68859696,259.20013428,-1751.81823730,-841.97766026,1524.96718143
89.64,4.80167918,259.20013428,-1750.83288574,-841.73309296,1523.97526100
89.69,4.80167918,259.20013428,-1750.83288574,-841.73309296,1523.97526100
89.85,4.87772751,259.20013428,-1749.85070801,-841.48889705,1522.98673872
89.90,4.87772751,259.20013428,-1749.85070801,-841.48889705,1522.98673872
90.05,4.88819573,259.20013428,-1748.90478516,-841.27388150,1522.02348971
90.10,4.88819573,259.20013428,-1748.90478516,-841.27388150,1522.02348971
90.25,4.90759273,259.20013428,-1747.95251465,-841.05396926,1521.05554925
90.30,4.90759273,259.20013428,-1747.95251465,-841.05396926,1521.05554925
90.45,4.93455813,259.20013428,-1746.99267578,-840.83725226,1520.07704053
90.50,4.93455813,259.20013428,-1746.99267578,-840.83725226,1520.07704053
90.65,4.95013698,259.20013428,-1746.03369141,-840.61519786,1519.10248067
90.70,4.95013698,259.20013428,-1746.03369141,-840.61519786,1519.10248067
90.85,4.97400917,259.20013428,-1745.06018066,-840.37894850,1518.11930970
90.90,4.97400917,259.20013428,-1745.06018066,-840.37894850,1518.11930970
91.05,4.98901463,259.20013428,-1744.08850098,-840.14328687,1517.13785028
91.10,4.98901463,259.20013428,-1744.08850098,-840.14328687,1517.13785028
91.25,5.02267036,259.20013428,-1743.10278320,-839.91477690,1516.13615630
91.30,5.02267036,259.20013428,-1743.10278320,-839.91477690,1516.13615630
91.46,5.00060318,259.20013428,-1742.14550781,-839.67841453,1515.17141575
91.51,5.00060318,259.20013428,-1742.14550781,-839.67841453,1515.17141575
91.65,4.96708734,259.20013428,-1741.20666504,-839.44747815,1514.22461114
91.70,4.96708734,259.20013428,-1741.20666504,-839.44747815,1514.22461114
91.85,4.91251818,259.20013428,-1740.28894043,-839.22823481,1513.29552445
91.90,4.91251818,259.20013428,-1740.28894043,-839.22823481,1513.29552445
92.06,4.90187481,259.20013428,-1739.35034180,-839.00469403,1512.34482146
92.11,4.90187481,259.20013428,-1739.35034180,-839.00469403,1512.34482146
92.26,4.91943696,259.20013428,-1738.40466309,-838.80923932,1511.37026844
92.31,4.91943696,259.20013428,-1738.40466309,-838.80923932,1511.37026844
92.46,4.88809663,259.20013428,-1737.48645020,-838.62435845,1510.42121530
92.51,4.88809663,259.20013428,-1737.48645020,-838.62435845,1510.42121530
92.66,4.95195616,259.20013428,-1736.49536133,-838.37945681,1509.42230013
92.71,4.95195616,259.20013428,-1736.49536133,-838.37945681,1509.42230013
92.86,4.92753542,259.20013428,-1735.56835938,-838.19337626,1508.46361447
92.91,4.92753542,259.20013428,-1735.56835938,-838.19337626,1508.46361447
93.06,4.88369329,259.20013428,-1734.65759277,-838.00262161,1507.52609483
93.11,4.88369329,259.20013428,-1734.65759277,-838.00262161,1507.52609483
94.50,4.98599954,259.20013428,-1733.63903809,-837.76192461,1506.49319396
94.55,4.98599954,259.20013428,-1733.63903809,-837.76192461,1506.49319396
94.51,4.79797534,259.20013428,-1731.88830566,-837.35299001,1504.71468072
94.56,4.79797534,259.20013428,-1731.88830566,-837.35299001,1504.71468072
94.52,4.89326645,259.20013428,-1730.90039062,-837.13072407,1503.70623366
94.57,4.89326645,259.20013428,-1730.90039062,-837.13072407,1503.70623366
94.53,4.92547772,259.20013428,-1729.94909668,-836.92551705,1502.73013316
94.58,4.92547772,259.20013428,-1729.94909668,-836.92551705,1502.73013316
94.53,4.97100927,259.20013428,-1728.99304199,-836.75893124,1501.72678831
94.58,4.97100927,259.20013428,-1728.99304199,-836.75893124,1501.72678831
94.53,4.92884135,259.20013428,-1728.07836914,-836.55537733,1500.79173053
94.58,4.92884135,259.20013428,-1728.07836914,-836.55537733,1500.79173053
94.67,4.99508981,259.20013428,-1727.10913086,-836.37777169,1499.77936751
94.72,4.99508981,259.20013428,-1727.10913086,-836.37777169,1499.77936751
94.87,4.98086660,259.20013428,-1726.17260742,-836.18542396,1498.81279100
94.92,4.98086660,259.20013428,-1726.17260742,-836.18542396,1498.81279100
95.07,4.96198125,259.20013428,-1725.23779297,-835.98002253,1497.85534447
95.12,4.96198125,259.20013428,-1725.23779297,-835.98002253,1497.85534447
95.27,4.98405495,259.20013428,-1724.28112793,-835.77506701,1496.87272539
95.32,4.98405495,259.20013428,-1724.28112793,-835.77506701,1496.87272539
95.46,4.95438689,259.20013428,-1723.35546875,-835.58332049,1495.91793217
95.51,4.95438689,259.20013428,-1723.35546875,-835.58332049,1495.91793217
95.66,4.89132327,259.20013428,-1722.45349121,-835.38737359,1494.99285277
95.71,4.89132327,259.20013428,-1722.45349121,-835.38737359,1494.99285277
95.87,4.76789881,259.20013428,-1721.60754395,-835.23337865,1494.10822642
95.92,4.76789881,259.20013428,-1721.60754395,-835.23337865,1494.10822642
96.07,4.77642902,259.20013428,-1720.69628906,-835.06529873,1493.15659988
96.12,4.77642902,259.20013428,-1720.69628906,-835.06529873,1493.15659988
96.27,4.74660962,259.20013428,-1719.80114746,-834.86282557,1492.24287721
96.32,4.74660962,259.20013428,-1719.80114746,-834.86282557,1492.24287721
96.47,4.70102844,259.20013428,-1718.93310547,-834.68990314,1491.34352277
96.52,4.70102844,259.20013428,-1718.93310547,-834.68990314,1491.34352277
96.67,4.69115226,259.20013428,-1718.05859375,-834.53220878,1490.42796243
96.72,4.69115226,259.20013428,-1718.05859375,-834.53220878,1490.42796243
96.87,4.66870783,259.20013428,-1717.17529297,-834.32535122,1489.52997629
96.92,4.66870783,259.20013428,-1717.17529297,-834.32535122,1489.52997629
97.07,4.68714352,259.20013428,-1716.27563477,-834.12989305,1488.60694593
97.12,4.68714352,259.20013428,-1716.27563477,-834.12989305,1488.60694593
97.27,4.69465503,259.20013428,-1715.38830566,-833.95974810,1487.68362939
97.32,4.69465503,259.20013428,-1715.38830566,-833.95974810,1487.68362939
97.47,4.69046476,259.20013428,-1714.49414062,-833.77222463,1486.76218923
97.52,4.69046476,259.20013428,-1714.49414062,-833.77222463,1486.76218923
97.68,4.64623557,259.20013428,-1713.64379883,-833.63222737,1485.86412536
97.73,4.64623557,259.20013428,-1713.64379883,-833.63222737,1485.86412536
97.87,4.55934457,259.20013428,-1712.82812500,-833.48700870,1485.00875854
97.92,4.55934457,259.20013428,-1712.82812500,-833.48700870,1485.00875854
98.07,4.54254278,259.20013428,-1711.96850586,-833.29729547,1484.12809058
98.12,4.54254278,259.20013428,-1711.96850586,-833.29729547,1484.12809058
98.28,4.54731474,259.20013428,-1711.09667969,-833.11187564,1483.23095057
98.33,4.54731474,259.20013428,-1711.09667969,-833.11187564,1483.23095057
98.48,4.43463141,259.20013428,-1710.30700684,-832.93443885,1482.42363673
98.53,4.43463141,259.20013428,-1710.30700684,-832.93443885,1482.42363673
98.68,4.44748927,259.20013428,-1709.44287109,-832.72528656,1481.54853177
98.73,4.44748927,259.20013428,-1709.44287109,-832.72528656,1481.54853177
98.88,4.43847635,259.20013428,-1708.59509277,-832.52717180,1480.68620419
98.93,4.43847635,259.20013428,-1708.59509277,-832.52717180,1480.68620419
99.08,4.39981422,259.20013428,-1707.78552246,-832.38244193,1479.83732869
99.13,4.39981422,259.20013428,-1707.78552246,-832.38244193,1479.83732869
99.28,4.27013326,259.20013428,-1707.03906250,-832.24321208,1479.05774466
99.33,4.27013326,259.20013428,-1707.03906250,-832.24321208,1479.05774466
99.48,4.16663836,259.20013428,-1706.30065918,-832.10012767,1478.28984120
99.53,4.16663836,259.20013428,-1706.30065918,-832.10012767,1478.28984120
99.68,4.25109976,259.20013428,-1705.44165039,-831.91442525,1477.40716362
99.73,4.25109976,259.20013428,-1705.44165039,-831.91442525,1477.40716362
99.88,4.36062125,259.20013428,-1704.55334473,-831.73058364,1476.48963335
99.93,4.36062125,259.20013428,-1704.55334473,-831.73058364,1476.48963335
100.09,4.37724276,259.20013428,-1703.71728516,-831.55770324,1475.62606268
100.14,4.37724276,259.20013428,-1703.71728516,-831.55770324,1475.62606268
100.29,4.38774761,259.20013428,-1702.87744141,-831.39613377,1474.75158417
100.34,4.38774761,259.20013428,-1702.87744141,-831.39613377,1474.75158417
100.49,4.36216913,259.20013428,-1702.06115723,-831.24305446,1473.89928003
100.54,4.36216913,259.20013428,-1702.06115723,-831.24305446,1473.89928003
100.69,3.83045166,259.20013428,-1701.60766602,-831.15328617,1473.42857185
100.74,3.83045166,259.20013428,-1701.60766602,-831.15328617,1473.42857185
100.89,4.16454712,259.20013428,-1700.64074707,-830.93217744,1472.44151005
100.94,4.16454712,259.20013428,-1700.64074707,-830.93217744,1472.44151005
101.09,4.07590814,259.20013428,-1699.89782715,-830.77027082,1471.67876025
101.14,4.07590814,259.20013428,-1699.89782715,-830.77027082,1471.67876025
101.29,4.10783374,259.20013428,-1699.08471680,-830.57575469,1470.85345824
101.34,4.10783374,259.20013428,-1699.08471680,-830.57575469,1470.85345824
101.49,4.21493057,259.20013428,-1698.22143555,-830.40813649,1469.95520949
101.54,4.21493057,259.20013428,-1698.22143555,-830.40813649,1469.95520949
101.69,4.02805173,259.20013428,-1697.52941895,-830.29428257,1469.22341439
101.74,4.02805173,259.20013428,-1697.52941895,-830.29428257,1469.22341439
101.89,3.71028706,259.20013428,-1696.96508789,-830.17646756,1468.64069455
101.94,3.71028706,259.20013428,-1696.96508789,-830.17646756,1468.64069455
102.09,4.15965266,259.20013428,-1696.00573730,-829.98294637,1467.64650952
102.14,4.15965266,259.20013428,-1696.00573730,-829.98294637,1467.64650952
102.29,4.72514609,259.20013428,-1694.85351562,-829.72638885,1466.46599806
102.34,4.72514609,259.20013428,-1694.85351562,-829.72638885,1466.46599806
102.49,4.61900327,259.20013428,-1694.00939941,-829.56217904,1465.58747214
102.54,4.61900327,259.20013428,-1694.00939941,-829.56217904,1465.58747214
102.69,4.28302115,259.20013428,-1693.34069824,-829.39300608,1464.91392130
102.74,4.28302115,259.20013428,-1693.34069824,-829.39300608,1464.91392130
102.89,4.11482381,259.20013428,-1692.63415527,-829.24257186,1464.18595275
102.94,4.11482381,259.20013428,-1692.63415527,-829.24257186,1464.18595275
103.09,4.05359053,259.20013428,-1691.89868164,-829.10697523,1463.41614806
103.14,4.05359053,259.20013428,-1691.89868164,-829.10697523,1463.41614806
103.29,4.17609336,259.20013428,-1691.04748535,-828.93969589,1462.53104599
103.34,4.17609336,259.20013428,-1691.04748535,-828.93969589,1462.53104599
103.49,4.15818662,259.20013428,-1690.26489258,-828.79221756,1461.71361500
103.54,4.15818662,259.20013428,-1690.26489258,-828.79221756,1461.71361500
103.69,4.14195990,259.20013428,-1689.47961426,-828.61825629,1460.90826537
103.74,4.14195990,259.20013428,-1689.47961426,-828.61825629,1460.90826537
103.89,4.17740539,259.20013428,-1688.66076660,-828.44265656,1460.06509111
103.94,4.17740539,259.20013428,-1688.66076660,-828.44265656,1460.06509111
104.09,4.19494683,259.20013428,-1687.84033203,-828.22302774,1459.24531192
104.14,4.19494683,259.20013428,-1687.84033203,-828.22302774,1459.24531192
104.29,4.38706039,259.20013428,-1686.91979980,-828.03505485,1458.29199390
104.34,4.38706039,259.20013428,-1686.91979980,-828.03505485,1458.29199390
104.49,4.44353284,259.20013428,-1686.05639648,-827.83255229,1457.41265503
104.54,4.44353284,259.20013428,-1686.05639648,-827.83255229,1457.41265503
104.69,4.40739144,259.20013428,-1685.24487305,-827.69414972,1456.55642163
104.74,4.40739144,259.20013428,-1685.24487305,-827.69414972,1456.55642163
104.89,4.40975255,259.20013428,-1684.41528320,-827.55264357,1455.68103673
104.94,4.40975255,259.20013428,-1684.41528320,-827.55264357,1455.68103673
105.10,4.41985623,259.20013428,-1683.56750488,-827.37459838,1454.80554891
105.15,4.41985623,259.20013428,-1683.56750488,-827.37459838,1454.80554891
105.29,4.42291106,259.20013428,-1682.71765137,-827.18050163,1453.93690568
105.34,4.42291106,259.20013428,-1682.71765137,-827.18050163,1453.93690568
105.50,4.45665140,259.20013428,-1681.83874512,-826.95848761,1453.05063860
105.55,4.45665140,259.20013428,-1681.83874512,-826.95848761,1453.05063860
105.70,4.43719098,259.20013428,-1680.99743652,-826.76464501,1452.19168754
105.75,4.43719098,259.20013428,-1680.99743652,-826.76464501,1452.19168754
105.90,4.41082169,259.20013428,-1680.15502930,-826.53065017,1451.35437802
105.95,4.41082169,259.20013428,-1680.15502930,-826.53065017,1451.35437802
106.10,4.37903326,259.20013428,-1679.33923340,-826.36925108,1450.50611011
106.15,4.37903326,259.20013428,-1679.33923340,-826.36925108,1450.50611011
106.30,4.37283729,259.20013428,-1678.53112793,-826.25495798,1449.63941452
106.35,4.37283729,259.20013428,-1678.53112793,-826.25495798,1449.63941452
106.50,4.40670037,259.20013428,-1677.67004395,-826.05738209,1448.75957468
106.55,4.40670037,259.20013428,-1677.67004395,-826.05738209,1448.75957468
106.70,4.39844898,259.20013428,-1676.84106445,-825.88269856,1447.90326470
106.75,4.39844898,259.20013428,-1676.84106445,-825.88269856,1447.90326470
106.90,4.49187050,259.20013428,-1675.94299316,-825.69488797,1446.97498960
106.95,4.49187050,259.20013428,-1675.94299316,-825.69488797,1446.97498960
107.10,4.54846294,259.20013428,-1675.03747559,-825.48271180,1446.05200306
107.15,4.54846294,259.20013428,-1675.03747559,-825.48271180,1446.05200306
107.30,4.29323719,259.20013428,-1674.33239746,-825.27410232,1445.35838486
107.35,4.29323719,259.20013428,-1674.33239746,-825.27410232,1445.35838486
107.51,3.99438363,259.20013428,-1673.72570801,-825.12407749,1444.74448152
107.56,3.99438363,259.20013428,-1673.72570801,-825.12407749,1444.74448152
