99.08,0.00000000,259.20013428,-1789.78149414,-854.22123844,1561.59132846
99.13,0.00000000,259.20013428,-1789.78149414,-854.22123844,1561.59132846
99.28,0.71887554,259.20013428,-1789.10266113,-853.86854108,1561.01059404
99.33,0.71887554,259.20013428,-1789.10266113,-853.86854108,1561.01059404
99.48,0.98370262,259.20013428,-1788.85009766,-853.72519521,1560.80122591
99.53,0.98370262,259.20013428,-1788.85009766,-853.72519521,1560.80122591
99.68,2.78145275,259.20013428,-1788.08923340,-853.38378614,1560.12057777
99.73,2.78145275,259.20013428,-1788.08923340,-853.38378614,1560.12057777
99.88,6.09452799,259.20013428,-1785.95825195,-852.43911095,1558.20798056
99.93,6.09452799,259.20013428,-1785.95825195,-852.43911095,1558.20798056
100.09,7.11895943,259.20013428,-1784.26184082,-851.66945940,1556.69517142
100.14,7.11895943,259.20013428,-1784.26184082,-851.66945940,1556.69517142
100.29,6.10971903,259.20013428,-1783.45007324,-851.25036461,1555.99932795
100.34,6.10971903,259.20013428,-1783.45007324,-851.25036461,1555.99932795
100.49,5.63867304,259.20013428,-1782.54895020,-850.98949277,1555.11376224
100.54,5.63867304,259.20013428,-1782.54895020,-850.98949277,1555.11376224
100.69,5.52626387,259.20013428,-1781.52514648,-850.68757038,1554.11084594
100.74,5.52626387,259.20013428,-1781.52514648,-850.68757038,1554.11084594
100.89,5.48891849,259.20013428,-1780.46936035,-850.39548528,1553.06586727
100.94,5.48891849,259.20013428,-1780.46936035,-850.39548528,1553.06586727
101.09,5.56236353,259.20013428,-1779.32897949,-849.99134859,1551.98623112
101.14,5.56236353,259.20013428,-1779.32897949,-849.99134859,1551.98623112
101.29,6.15978286,259.20013428,-1777.76379395,-849.38999488,1550.53010787
101.34,6.15978286,259.20013428,-1777.76379395,-849.38999488,1550.53010787
101.49,6.47879553,259.20013428,-1776.30627441,-848.85950949,1549.15793626
101.54,6.47879553,259.20013428,-1776.30627441,-848.85950949,1549.15793626
101.69,6.14195134,259.20013428,-1775.26098633,-848.48404631,1548.17095720
101.74,6.14195134,259.20013428,-1775.26098633,-848.48404631,1548.17095720
101.89,5.85664394,259.20013428,-1774.25976562,-848.22874737,1547.16783387
101.94,5.85664394,259.20013428,-1774.25976562,-848.22874737,1547.16783387
102.09,5.69728738,259.20013428,-1773.22570801,-847.94700707,1546.14182174
102.14,5.69728738,259.20013428,-1773.22570801,-847.94700707,1546.14182174
102.29,5.67452016,259.20013428,-1772.14257812,-847.65398518,1545.06584656
102.34,5.67452016,259.20013428,-1772.14257812,-847.65398518,1545.06584656
102.49,5.56395865,259.20013428,-1771.11328125,-847.36306934,1544.05027139
102.54,5.56395865,259.20013428,-1771.11328125,-847.36306934,1544.05027139
102.69,5.54820531,259.20013428,-1770.05346680,-847.08298125,1542.99361212
102.74,5.54820531,259.20013428,-1770.05346680,-847.08298125,1542.99361212
102.89,5.64544772,259.20013428,-1768.92346191,-846.80198758,1541.85741229
102.94,5.64544772,259.20013428,-1768.92346191,-846.80198758,1541.85741229
103.09,5.65426739,259.20013428,-1767.82263184,-846.50409371,1540.76371258
103.14,5.65426739,259.20013428,-1767.82263184,-846.50409371,1540.76371258
103.29,5.86120301,259.20013428,-1766.57788086,-846.16524948,1539.52804656
103.34,5.86120301,259.20013428,-1766.57788086,-846.16524948,1539.52804656
103.49,5.76454887,259.20013428,-1765.50585938,-845.89559568,1538.45167977
103.54,5.76454887,259.20013428,-1765.50585938,-845.89559568,1538.45167977
103.69,5.68688205,259.20013428,-1764.43957520,-845.62844431,1537.38029617
103.74,5.68688205,259.20013428,-1764.43957520,-845.62844431,1537.38029617
103.89,5.49262089,259.20013428,-1763.48388672,-845.42232236,1536.40140148
103.94,5.49262089,259.20013428,-1763.48388672,-845.42232236,1536.40140148
104.09,5.38025568,259.20013428,-1762.52233887,-845.23378505,1535.40596712
104.14,5.38025568,259.20013428,-1762.52233887,-845.23378505,1535.40596712
104.29,5.36022337,259.20013428,-1761.49621582,-844.98293931,1534.37133980
104.34,5.36022337,259.20013428,-1761.49621582,-844.98293931,1534.37133980
104.49,5.56422930,259.20013428,-1760.34057617,-844.71889745,1533.19581548
104.54,5.56422930,259.20013428,-1760.34057617,-844.71889745,1533.19581548
104.69,5.47970015,259.20013428,-1759.31176758,-844.43836885,1532.17449130
104.74,5.47970015,259.20013428,-1759.31176758,-844.43836885,1532.17449130
104.89,5.29810526,259.20013428,-1758.38549805,-844.22309385,1531.23415317
104.94,5.29810526,259.20013428,-1758.38549805,-844.22309385,1531.23415317
105.10,5.24097770,259.20013428,-1757.41125488,-844.01007184,1530.23749483
105.15,5.24097770,259.20013428,-1757.41125488,-844.01007184,1530.23749483
105.29,5.13153309,259.20013428,-1756.48242188,-843.79450370,1529.29433136
105.34,5.13153309,259.20013428,-1756.48242188,-843.79450370,1529.29433136
105.50,5.02646271,259.20013428,-1755.58081055,-843.60331814,1528.36866447
105.55,5.02646271,259.20013428,-1755.58081055,-843.60331814,1528.36866447
105.70,4.97535123,259.20013428,-1754.64428711,-843.37606026,1527.42304809
105.75,4.97535123,259.20013428,-1754.64428711,-843.37606026,1527.42304809
105.90,4.93941044,259.20013428,-1753.70483398,-843.13274060,1526.48297261
105.95,4.93941044,259.20013428,-1753.70483398,-843.13274060,1526.48297261
106.10,4.85280738,259.20013428,-1752.81445312,-842.91151312,1525.58695004
106.15,4.85280738,259.20013428,-1752.81445312,-842.91151312,1525.58695004
106.30,4.84807716,259.20013428,-1751.87329102,-842.65367030,1524.65286026
106.35,4.84807716,259.20013428,-1751.87329102,-842.65367030,1524.65286026
106.50,4.80714229,259.20013428,-1750.96643066,-842.42647350,1523.74108184
106.55,4.80714229,259.20013428,-1750.96643066,-842.42647350,1523.74108184
106.70,4.72402444,259.20013428,-1750.08874512,-842.19439462,1522.86534952
106.75,4.72402444,259.20013428,-1750.08874512,-842.19439462,1522.86534952
106.90,4.66498023,259.20013428,-1749.21875000,-841.98179264,1521.98753982
106.95,4.66498023,259.20013428,-1749.21875000,-841.98179264,1521.98753982
107.10,4.65686907,259.20013428,-1748.32299805,-841.76673963,1521.08150212
107.15,4.65686907,259.20013428,-1748.32299805,-841.76673963,1521.08150212
107.30,4.57158618,259.20013428,-1747.48034668,-841.54153702,1520.24204700
107.35,4.57158618,259.20013428,-1747.48034668,-841.54153702,1520.24204700
107.51,4.52537926,259.20013428,-1746.62951660,-841.32180531,1519.39012599
107.56,4.52537926,259.20013428,-1746.62951660,-841.32180531,1519.39012599
107.71,4.47138092,259.20013428,-1745.77478027,-841.04513514,1518.56537460
107.76,4.47138092,259.20013428,-1745.77478027,-841.04513514,1518.56537460
107.91,4.44298257,259.20013428,-1744.93457031,-840.84577948,1517.71421087
107.96,4.44298257,259.20013428,-1744.93457031,-840.84577948,1517.71421087
108.11,4.36071294,259.20013428,-1744.13732910,-840.66786994,1516.90013260
108.16,4.36071294,259.20013428,-1744.13732910,-840.66786994,1516.90013260
108.31,4.32985133,259.20013428,-1743.30615234,-840.43328681,1516.07890790
108.36,4.32985133,259.20013428,-1743.30615234,-840.43328681,1516.07890790
108.52,4.32884789,259.20013428,-1742.47790527,-840.24507384,1515.23496556
108.57,4.32884789,259.20013428,-1742.47790527,-840.24507384,1515.23496556
108.71,4.24704158,259.20013428,-1741.69567871,-840.02945419,1514.45914331
108.76,4.24704158,259.20013428,-1741.69567871,-840.02945419,1514.45914331
108.91,4.20769908,259.20013428,-1740.91320801,-839.86154498,1513.65622571
108.96,4.20769908,259.20013428,-1740.91320801,-839.86154498,1513.65622571
109.11,4.17656091,259.20013428,-1740.10949707,-839.62077192,1512.86974592
109.16,4.17656091,259.20013428,-1740.10949707,-839.62077192,1512.86974592
109.31,4.16469309,259.20013428,-1739.30822754,-839.41672435,1512.06559620
109.36,4.16469309,259.20013428,-1739.30822754,-839.41672435,1512.06559620
109.51,4.06940494,259.20013428,-1738.57910156,-839.25877912,1511.31808127
109.56,4.06940494,259.20013428,-1738.57910156,-839.25877912,1511.31808127
109.71,3.92450813,259.20013428,-1737.91381836,-839.14125095,1510.62120395
109.76,3.92450813,259.20013428,-1737.91381836,-839.14125095,1510.62120395
109.92,3.86938382,259.20013428,-1737.17614746,-838.89588042,1509.91305006
109.97,3.86938382,259.20013428,-1737.17614746,-838.89588042,1509.91305006
110.12,3.84706125,259.20013428,-1736.45996094,-838.77341217,1509.16044467
110.17,3.84706125,259.20013428,-1736.45996094,-838.77341217,1509.16044467
110.32,3.72453709,259.20013428,-1735.79675293,-838.58101879,1508.50784973
110.37,3.72453709,259.20013428,-1735.79675293,-838.58101879,1508.50784973
110.52,3.62286075,259.20013428,-1735.15771484,-838.44789170,1507.84967635
110.57,3.62286075,259.20013428,-1735.15771484,-838.44789170,1507.84967635
110.72,3.44054917,259.20013428,-1734.59851074,-838.32302770,1507.27838172
110.77,3.44054917,259.20013428,-1734.59851074,-838.32302770,1507.27838172
110.92,3.29849707,259.20013428,-1734.03674316,-838.17295729,1506.71840771
110.97,3.29849707,259.20013428,-1734.03674316,-838.17295729,1506.71840771
111.12,3.42035860,259.20013428,-1733.31323242,-838.01509752,1505.97704617
111.17,3.42035860,259.20013428,-1733.31323242,-838.01509752,1505.97704617
111.32,3.53462099,259.20013428,-1732.59936523,-837.89739162,1505.22420570
111.37,3.53462099,259.20013428,-1732.59936523,-837.89739162,1505.22420570
111.53,3.35240817,259.20013428,-1732.06555176,-837.82201988,1504.65422287
111.58,3.35240817,259.20013428,-1732.06555176,-837.82201988,1504.65422287
111.72,3.31316692,259.20013428,-1731.49621582,-837.85326609,1503.98335806
111.77,3.31316692,259.20013428,-1731.49621582,-837.85326609,1503.98335806
111.93,3.22041620,259.20013428,-1730.94445801,-837.76137165,1503.40191389
111.98,3.22041620,259.20013428,-1730.94445801,-837.76137165,1503.40191389
112.13,3.69009249,259.20013428,-1729.93713379,-837.46482215,1502.41287186
112.18,3.69009249,259.20013428,-1729.93713379,-837.46482215,1502.41287186
112.33,3.83826466,259.20013428,-1729.11743164,-837.26898140,1501.58236236
112.38,3.83826466,259.20013428,-1729.11743164,-837.26898140,1501.58236236
112.54,3.81930900,259.20013428,-1728.38269043,-837.09557375,1500.83669959
112.59,3.81930900,259.20013428,-1728.38269043,-837.09557375,1500.83669959
112.73,3.61559927,259.20013428,-1727.80664062,-836.99078284,1500.23448732
112.78,3.61559927,259.20013428,-1727.80664062,-836.99078284,1500.23448732
112.94,3.64210343,259.20013428,-1727.09460449,-836.83524136,1499.50482077
112.99,3.64210343,259.20013428,-1727.09460449,-836.83524136,1499.50482077
113.13,3.59930937,259.20013428,-1726.42443848,-836.67274495,1498.82714558
113.18,3.59930937,259.20013428,-1726.42443848,-836.67274495,1498.82714558
113.34,3.53825812,259.20013428,-1725.77636719,-836.52852062,1498.16446629
113.39,3.53825812,259.20013428,-1725.77636719,-836.52852062,1498.16446629
113.54,3.42372410,259.20013428,-1725.18139648,-836.39751360,1497.55522356
113.59,3.42372410,259.20013428,-1725.18139648,-836.39751360,1497.55522356
113.74,3.50869804,259.20013428,-1724.45434570,-836.22316108,1496.81875091
113.79,3.50869804,259.20013428,-1724.45434570,-836.22316108,1496.81875091
113.94,3.58137206,259.20013428,-1723.72839355,-836.06609067,1496.07378999
113.99,3.58137206,259.20013428,-1723.72839355,-836.06609067,1496.07378999
114.15,3.67745418,259.20013428,-1722.97875977,-835.91720029,1495.29690578
114.20,3.67745418,259.20013428,-1722.97875977,-835.91720029,1495.29690578
114.35,3.79551841,259.20013428,-1722.18066406,-835.70820038,1494.49833700
114.40,3.79551841,259.20013428,-1722.18066406,-835.70820038,1494.49833700
114.54,3.94633983,259.20013428,-1721.34960938,-835.53146659,1493.64370733
114.59,3.94633983,259.20013428,-1721.34960938,-835.53146659,1493.64370733
114.74,4.32089698,259.20013428,-1720.33935547,-835.30936020,1492.60858536
114.79,4.32089698,259.20013428,-1720.33935547,-835.30936020,1492.60858536
114.94,4.62971027,259.20013428,-1719.29748535,-835.07172050,1491.54614513
114.99,4.62971027,259.20013428,-1719.29748535,-835.07172050,1491.54614513
115.15,4.96830219,259.20013428,-1718.18432617,-834.84611082,1490.39473308
115.20,4.96830219,259.20013428,-1718.18432617,-834.84611082,1490.39473308
115.36,5.36707839,259.20013428,-1716.93823242,-834.55206653,1489.12941405
115.41,5.36707839,259.20013428,-1716.93823242,-834.55206653,1489.12941405
115.55,5.66095674,259.20013428,-1715.69787598,-834.29779550,1487.84786090
115.60,5.66095674,259.20013428,-1715.69787598,-834.29779550,1487.84786090
115.75,5.96366738,259.20013428,-1714.40600586,-834.04674680,1486.50523838
115.80,5.96366738,259.20013428,-1714.40600586,-834.04674680,1486.50523838
115.95,6.25104656,259.20013428,-1713.07360840,-833.77929777,1485.12509231
116.00,6.25104656,259.20013428,-1713.07360840,-833.77929777,1485.12509231
116.16,6.56502938,259.20013428,-1711.67578125,-833.52977617,1483.65951083
116.21,6.56502938,259.20013428,-1711.67578125,-833.52977617,1483.65951083
116.35,6.85663201,259.20013428,-1710.23535156,-833.26216383,1482.15512735
116.40,6.85663201,259.20013428,-1710.23535156,-833.26216383,1482.15512735
116.55,7.09657910,259.20013428,-1708.77648926,-832.98321840,1480.63560996
116.60,7.09657910,259.20013428,-1708.77648926,-832.98321840,1480.63560996
116.76,7.36518450,259.20013428,-1707.23400879,-832.63445472,1479.05958324
116.81,7.36518450,259.20013428,-1707.23400879,-832.63445472,1479.05958324
116.96,7.45096727,259.20013428,-1705.78710938,-832.40158364,1477.52738987
117.01,7.45096727,259.20013428,-1705.78710938,-832.40158364,1477.52738987
117.16,7.70562997,259.20013428,-1704.19055176,-832.07758792,1475.87459925
117.21,7.70562997,259.20013428,-1704.19055176,-832.07758792,1475.87459925
117.37,7.74124072,259.20013428,-1702.69006348,-831.77230986,1474.32151173
117.42,7.74124072,259.20013428,-1702.69006348,-831.77230986,1474.32151173
117.56,7.80605702,259.20013428,-1701.16870117,-831.45545025,1472.75093552
117.61,7.80605702,259.20013428,-1701.16870117,-831.45545025,1472.75093552
117.77,7.87461687,259.20013428,-1699.62451172,-831.11921178,1471.16493704
117.82,7.87461687,259.20013428,-1699.62451172,-831.11921178,1471.16493704
117.96,7.82475837,259.20013428,-1698.15637207,-830.83246337,1469.63794425
118.01,7.82475837,259.20013428,-1698.15637207,-830.83246337,1469.63794425
118.16,7.88881599,259.20013428,-1696.65148926,-830.57006146,1468.05465159
118.21,7.88881599,259.20013428,-1696.65148926,-830.57006146,1468.05465159
118.37,8.01959544,259.20013428,-1695.08361816,-830.29759074,1466.40428448
118.42,8.01959544,259.20013428,-1695.08361816,-830.29759074,1466.40428448
118.56,8.27567294,259.20013428,-1693.40258789,-830.03186339,1464.61966992
118.61,8.27567294,259.20013428,-1693.40258789,-830.03186339,1464.61966992
118.77,8.33713897,259.20013428,-1691.78930664,-829.72480996,1462.93626042
118.82,8.33713897,259.20013428,-1691.78930664,-829.72480996,1462.93626042
118.97,8.24334173,259.20013428,-1690.29455566,-829.47685157,1461.35529709
119.02,8.24334173,259.20013428,-1690.29455566,-829.47685157,1461.35529709
119.17,8.26885556,259.20013428,-1688.72167969,-829.19659828,1459.70289843
119.22,8.26885556,259.20013428,-1688.72167969,-829.19659828,1459.70289843
119.37,8.24982669,259.20013428,-1687.15551758,-828.86511997,1458.08719542
119.42,8.24982669,259.20013428,-1687.15551758,-828.86511997,1458.08719542
119.57,8.43415905,259.20013428,-1685.44897461,-828.53822324,1456.30688677
119.62,8.43415905,259.20013428,-1685.44897461,-828.53822324,1456.30688677
119.77,8.53826601,259.20013428,-1683.80078125,-828.25980389,1454.56563777
119.82,8.53826601,259.20013428,-1683.80078125,-828.25980389,1454.56563777
119.97,8.83563791,259.20013428,-1681.99768066,-827.98960980,1452.64072758
120.02,8.83563791,259.20013428,-1681.99768066,-827.98960980,1452.64072758
120.18,8.35882807,259.20013428,-1680.68994141,-827.80013328,1451.24054878
120.23,8.35882807,259.20013428,-1680.68994141,-827.80013328,1451.24054878
120.38,8.17700871,259.20013428,-1679.24169922,-827.50541769,1449.73875299
120.43,8.17700871,259.20013428,-1679.24169922,-827.50541769,1449.73875299
120.58,8.25256787,259.20013428,-1677.67663574,-827.29143197,1448.05545248
120.63,8.25256787,259.20013428,-1677.67663574,-827.29143197,1448.05545248
120.78,8.27757631,259.20013428,-1676.09338379,-826.98359797,1446.40492904
120.83,8.27757631,259.20013428,-1676.09338379,-826.98359797,1446.40492904
120.98,7.80147233,259.20013428,-1674.86950684,-826.77929483,1445.10934029
121.03,7.80147233,259.20013428,-1674.86950684,-826.77929483,1445.10934029
121.18,7.22887920,259.20013428,-1673.79699707,-826.59412068,1443.97771236
121.23,7.22887920,259.20013428,-1673.79699707,-826.59412068,1443.97771236
