104.09,0.00000000,259.20013428,-1789.90185547,-854.12616816,1561.78133118
104.14,0.00000000,259.20013428,-1789.90185547,-854.12616816,1561.78133118
104.29,0.76172555,259.20013428,-1789.02185059,-853.62681605,1561.05191947
104.34,0.76172555,259.20013428,-1789.02185059,-853.62681605,1561.05191947
104.49,1.77138067,259.20013428,-1788.36389160,-853.38548292,1560.43345878
104.54,1.77138067,259.20013428,-1788.36389160,-853.38548292,1560.43345878
104.69,3.82985604,259.20013428,-1787.43518066,-853.12125577,1559.51848436
104.74,3.82985604,259.20013428,-1787.43518066,-853.12125577,1559.51848436
104.89,6.56360522,259.20013428,-1785.68347168,-852.17502555,1558.04008867
104.94,6.56360522,259.20013428,-1785.68347168,-852.17502555,1558.04008867
105.10,7.55004326,259.20013428,-1783.88134766,-851.72449114,1556.23002796
105.15,7.55004326,259.20013428,-1783.88134766,-851.72449114,1556.23002796
105.29,7.67794786,259.20013428,-1782.34045410,-851.22576832,1554.74492200
105.34,7.67794786,259.20013428,-1782.34045410,-851.22576832,1554.74492200
105.50,8.32284010,259.20013428,-1780.46569824,-850.84069550,1552.81537031
105.55,8.32284010,259.20013428,-1780.46569824,-850.84069550,1552.81537031
105.70,7.71015538,259.20013428,-1779.33569336,-850.72337728,1551.58866335
105.75,7.71015538,259.20013428,-1779.33569336,-850.72337728,1551.58866335
105.90,7.38009647,259.20013428,-1778.09020996,-850.52218262,1550.27619243
105.95,7.38009647,259.20013428,-1778.09020996,-850.52218262,1550.27619243
106.10,7.03146236,259.20013428,-1776.93896484,-850.29579897,1549.08547257
106.15,7.03146236,259.20013428,-1776.93896484,-850.29579897,1549.08547257
106.30,7.41424031,259.20013428,-1775.26684570,-849.84617231,1547.42268477
106.35,7.41424031,259.20013428,-1775.26684570,-849.84617231,1547.42268477
106.50,6.85815556,259.20013428,-1774.21386719,-849.58053346,1546.36584535
106.55,6.85815556,259.20013428,-1774.21386719,-849.58053346,1546.36584535
106.70,6.88799939,259.20013428,-1772.91076660,-849.33688251,1545.01075728
106.75,6.88799939,259.20013428,-1772.91076660,-849.33688251,1545.01075728
106.90,7.13155200,259.20013428,-1771.42663574,-849.03460465,1543.48084357
106.95,7.13155200,259.20013428,-1771.42663574,-849.03460465,1543.48084357
107.10,7.27941607,259.20013428,-1769.94152832,-848.67602420,1541.98096549
107.15,7.27941607,259.20013428,-1769.94152832,-848.67602420,1541.98096549
107.30,7.19744766,259.20013428,-1768.57019043,-848.31117841,1540.61469384
107.35,7.19744766,259.20013428,-1768.57019043,-848.31117841,1540.61469384
107.51,6.95405666,259.20013428,-1767.35437012,-847.98972251,1539.40221816
107.56,6.95405666,259.20013428,-1767.35437012,-847.98972251,1539.40221816
107.71,6.78948526,259.20013428,-1766.12316895,-847.67065945,1538.17074851
107.76,6.78948526,259.20013428,-1766.12316895,-847.67065945,1538.17074851
107.91,6.67996778,259.20013428,-1764.89831543,-847.40154157,1536.91868568
107.96,6.67996778,259.20013428,-1764.89831543,-847.40154157,1536.91868568
108.11,6.99685653,259.20013428,-1763.37353516,-846.98880781,1535.40322514
108.16,6.99685653,259.20013428,-1763.37353516,-846.98880781,1535.40322514
108.31,6.94373066,259.20013428,-1762.03161621,-846.61020602,1534.07792120
108.36,6.94373066,259.20013428,-1762.03161621,-846.61020602,1534.07792120
108.52,6.69918148,259.20013428,-1760.85046387,-846.25273651,1532.92476777
108.57,6.69918148,259.20013428,-1760.85046387,-846.25273651,1532.92476777
108.71,6.51936942,259.20013428,-1759.67749023,-845.91522585,1531.76996414
108.76,6.51936942,259.20013428,-1759.67749023,-845.91522585,1531.76996414
108.91,6.35783224,259.20013428,-1758.51074219,-845.55019533,1530.63763372
108.96,6.35783224,259.20013428,-1758.51074219,-845.55019533,1530.63763372
109.11,6.24513095,259.20013428,-1757.34655762,-845.21035692,1529.49405420
109.16,6.24513095,259.20013428,-1757.34655762,-845.21035692,1529.49405420
109.31,6.13309428,259.20013428,-1756.19165039,-844.83949620,1528.37846963
109.36,6.13309428,259.20013428,-1756.19165039,-844.83949620,1528.37846963
109.51,6.04975722,259.20013428,-1755.03552246,-844.43133440,1527.28212916
109.56,6.04975722,259.20013428,-1755.03552246,-844.43133440,1527.28212916
109.71,6.01245666,259.20013428,-1753.88110352,-844.10147448,1526.14387960
109.76,6.01245666,259.20013428,-1753.88110352,-844.10147448,1526.14387960
109.92,5.90447979,259.20013428,-1752.77197266,-843.74476909,1525.07278144
109.97,5.90447979,259.20013428,-1752.77197266,-843.74476909,1525.07278144
110.12,5.77327042,259.20013428,-1751.71520996,-843.46188704,1524.02011234
110.17,5.77327042,259.20013428,-1751.71520996,-843.46188704,1524.02011234
110.32,5.61898697,259.20013428,-1750.70239258,-843.19267149,1523.01040115
110.37,5.61898697,259.20013428,-1750.70239258,-843.19267149,1523.01040115
110.52,5.48618933,259.20013428,-1749.70056152,-842.89453443,1522.02919082
110.57,5.48618933,259.20013428,-1749.70056152,-842.89453443,1522.02919082
110.72,5.35966608,259.20013428,-1748.71496582,-842.57605001,1521.07796203
110.77,5.35966608,259.20013428,-1748.71496582,-842.57605001,1521.07796203
110.92,5.19050765,259.20013428,-1747.77551270,-842.24650731,1520.18576956
110.97,5.19050765,259.20013428,-1747.77551270,-842.24650731,1520.18576956
111.12,5.03484984,259.20013428,-1746.86901855,-841.96017575,1519.30721950
111.17,5.03484984,259.20013428,-1746.86901855,-841.96017575,1519.30721950
111.32,4.83220363,259.20013428,-1746.03405762,-841.72147928,1518.48406449
111.37,4.83220363,259.20013428,-1746.03405762,-841.72147928,1518.48406449
111.53,4.73710737,259.20013428,-1745.15783691,-841.48403324,1517.61273129
111.58,4.73710737,259.20013428,-1745.15783691,-841.48403324,1517.61273129
111.72,4.63658827,259.20013428,-1744.29821777,-841.21019712,1516.78075405
111.77,4.63658827,259.20013428,-1744.29821777,-841.21019712,1516.78075405
111.93,4.55725817,259.20013428,-1743.44628906,-840.95863288,1515.94522963
111.98,4.55725817,259.20013428,-1743.44628906,-840.95863288,1515.94522963
112.13,4.44552085,259.20013428,-1742.62377930,-840.69199827,1515.15168184
112.18,4.44552085,259.20013428,-1742.62377930,-840.69199827,1515.15168184
112.33,4.39678032,259.20013428,-1741.79589844,-840.42897595,1514.34999377
112.38,4.39678032,259.20013428,-1741.79589844,-840.42897595,1514.34999377
112.54,4.31664608,259.20013428,-1740.99084473,-840.17511057,1513.56937852
112.59,4.31664608,259.20013428,-1740.99084473,-840.17511057,1513.56937852
112.73,4.30724642,259.20013428,-1740.15063477,-839.92193219,1512.74800842
112.78,4.30724642,259.20013428,-1740.15063477,-839.92193219,1512.74800842
112.94,4.30073431,259.20013428,-1739.30920410,-839.66449743,1511.92771077
112.99,4.30073431,259.20013428,-1739.30920410,-839.66449743,1511.92771077
113.13,4.23546830,259.20013428,-1738.52294922,-839.46044142,1511.14064298
113.18,4.23546830,259.20013428,-1738.52294922,-839.46044142,1511.14064298
113.34,4.29669962,259.20013428,-1737.63916016,-839.15472006,1510.29870732
113.39,4.29669962,259.20013428,-1737.63916016,-839.15472006,1510.29870732
113.54,4.33381986,259.20013428,-1736.77258301,-838.92563492,1509.43346598
113.59,4.33381986,259.20013428,-1736.77258301,-838.92563492,1509.43346598
113.74,4.30964557,259.20013428,-1735.92724609,-838.64079775,1508.62386107
113.79,4.30964557,259.20013428,-1735.92724609,-838.64079775,1508.62386107
113.94,4.21462647,259.20013428,-1735.15600586,-838.42229293,1507.86202747
113.99,4.21462647,259.20013428,-1735.15600586,-838.42229293,1507.86202747
114.15,4.10574263,259.20013428,-1734.41418457,-838.20635285,1507.13252709
114.20,4.10574263,259.20013428,-1734.41418457,-838.20635285,1507.13252709
114.35,4.16534566,259.20013428,-1733.56860352,-837.96038642,1506.30076649
114.40,4.16534566,259.20013428,-1733.56860352,-837.96038642,1506.30076649
114.54,4.29087037,259.20013428,-1732.68676758,-837.75693164,1505.40360638
114.59,4.29087037,259.20013428,-1732.68676758,-837.75693164,1505.40360638
114.74,4.08216415,259.20013428,-1732.03381348,-837.69697805,1504.68808167
114.79,4.08216415,259.20013428,-1732.03381348,-837.69697805,1504.68808167
114.94,3.99306942,259.20013428,-1731.32885742,-837.57923904,1503.94561572
114.99,3.99306942,259.20013428,-1731.32885742,-837.57923904,1503.94561572
115.15,4.47974033,259.20013428,-1730.21142578,-837.29627989,1502.82251977
115.20,4.47974033,259.20013428,-1730.21142578,-837.29627989,1502.82251977
115.36,4.63704789,259.20013428,-1729.23608398,-837.07795816,1501.82621847
115.41,4.63704789,259.20013428,-1729.23608398,-837.07795816,1501.82621847
115.55,4.42028843,259.20013428,-1728.50610352,-836.92364843,1501.07518423
115.60,4.42028843,259.20013428,-1728.50610352,-836.92364843,1501.07518423
115.75,4.43390397,259.20013428,-1727.65808105,-836.73251387,1500.20959258
115.80,4.43390397,259.20013428,-1727.65808105,-836.73251387,1500.20959258
115.95,4.52411550,259.20013428,-1726.73889160,-836.51813592,1499.27531681
116.00,4.52411550,259.20013428,-1726.73889160,-836.51813592,1499.27531681
116.16,4.54056516,259.20013428,-1725.86560059,-836.34443895,1498.37056975
116.21,4.54056516,259.20013428,-1725.86560059,-836.34443895,1498.37056975
116.35,4.69639209,259.20013428,-1724.89160156,-836.11709643,1497.38063657
116.40,4.69639209,259.20013428,-1724.89160156,-836.11709643,1497.38063657
116.55,4.87876196,259.20013428,-1723.87670898,-835.91132495,1496.33142727
116.60,4.87876196,259.20013428,-1723.87670898,-835.91132495,1496.33142727
116.76,5.05713741,259.20013428,-1722.82751465,-835.70361026,1495.24371603
116.81,5.05713741,259.20013428,-1722.82751465,-835.70361026,1495.24371603
116.96,5.15726841,259.20013428,-1721.79138184,-835.49500354,1494.17165664
117.01,5.15726841,259.20013428,-1721.79138184,-835.49500354,1494.17165664
117.16,5.29695454,259.20013428,-1720.71984863,-835.28466310,1493.05965675
117.21,5.29695454,259.20013428,-1720.71984863,-835.28466310,1493.05965675
117.37,5.46145690,259.20013428,-1719.59094238,-835.05878823,1491.89060353
117.42,5.46145690,259.20013428,-1719.59094238,-835.05878823,1491.89060353
117.56,5.52730693,259.20013428,-1718.51293945,-834.87189491,1490.75784324
117.61,5.52730693,259.20013428,-1718.51293945,-834.87189491,1490.75784324
117.77,5.69986640,259.20013428,-1717.33251953,-834.64024644,1489.53249626
117.82,5.69986640,259.20013428,-1717.33251953,-834.64024644,1489.53249626
117.96,5.80273876,259.20013428,-1716.16687012,-834.39511563,1488.33180159
118.01,5.80273876,259.20013428,-1716.16687012,-834.39511563,1488.33180159
118.16,5.92338987,259.20013428,-1714.98461914,-834.17722876,1487.09626063
118.21,5.92338987,259.20013428,-1714.98461914,-834.17722876,1487.09626063
118.37,6.07546610,259.20013428,-1713.74829102,-833.92959890,1485.81557929
118.42,6.07546610,259.20013428,-1713.74829102,-833.92959890,1485.81557929
118.56,6.18075534,259.20013428,-1712.52770996,-833.70412735,1484.54015314
118.61,6.18075534,259.20013428,-1712.52770996,-833.70412735,1484.54015314
118.77,6.29541892,259.20013428,-1711.29089355,-833.49322583,1483.23774008
118.82,6.29541892,259.20013428,-1711.29089355,-833.49322583,1483.23774008
118.97,6.39614081,259.20013428,-1710.03417969,-833.26730906,1481.92082488
119.02,6.39614081,259.20013428,-1710.03417969,-833.26730906,1481.92082488
119.17,6.41684311,259.20013428,-1708.80822754,-833.03172005,1480.64459924
119.22,6.41684311,259.20013428,-1708.80822754,-833.03172005,1480.64459924
119.37,6.50612628,259.20013428,-1707.51916504,-832.76702211,1479.31230368
119.42,6.50612628,259.20013428,-1707.51916504,-832.76702211,1479.31230368
119.57,6.58126292,259.20013428,-1706.23876953,-832.54721120,1477.96416896
119.62,6.58126292,259.20013428,-1706.23876953,-832.54721120,1477.96416896
119.77,6.82202236,259.20013428,-1704.82177734,-832.29370888,1476.47786489
119.82,6.82202236,259.20013428,-1704.82177734,-832.29370888,1476.47786489
119.97,6.88300917,259.20013428,-1703.48889160,-832.05914764,1475.07757154
120.02,6.88300917,259.20013428,-1703.48889160,-832.05914764,1475.07757154
120.18,6.79999136,259.20013428,-1702.24353027,-831.84538981,1473.76582958
120.23,6.79999136,259.20013428,-1702.24353027,-831.84538981,1473.76582958
120.38,6.82435696,259.20013428,-1700.94885254,-831.62109770,1472.40326075
120.43,6.82435696,259.20013428,-1700.94885254,-831.62109770,1472.40326075
120.58,7.02899631,259.20013428,-1699.50061035,-831.31705941,1470.90924338
120.63,7.02899631,259.20013428,-1699.50061035,-831.31705941,1470.90924338
120.78,6.69605308,259.20013428,-1698.40844727,-831.12697822,1469.76008696
120.83,6.69605308,259.20013428,-1698.40844727,-831.12697822,1469.76008696
120.98,6.62164515,259.20013428,-1697.20654297,-830.91074221,1468.49925141
121.03,6.62164515,259.20013428,-1697.20654297,-830.91074221,1468.49925141
121.18,6.77676640,259.20013428,-1695.85668945,-830.68425972,1467.07383884
121.23,6.77676640,259.20013428,-1695.85668945,-830.68425972,1467.07383884
121.38,6.90396630,259.20013428,-1694.49572754,-830.44309735,1465.64375362
121.43,6.90396630,259.20013428,-1694.49572754,-830.44309735,1465.64375362
121.58,7.58016066,259.20013428,-1692.74108887,-830.16792539,1463.77926294
121.63,7.58016066,259.20013428,-1692.74108887,-830.16792539,1463.77926294
121.79,7.74528880,259.20013428,-1691.15930176,-829.80300602,1462.16524562
121.84,7.74528880,259.20013428,-1691.15930176,-829.80300602,1462.16524562
121.99,7.82788991,259.20013428,-1689.63732910,-829.50204837,1460.58326269
122.04,7.82788991,259.20013428,-1689.63732910,-829.50204837,1460.58326269
122.19,7.83924914,259.20013428,-1688.13940430,-829.21044747,1459.02341593
122.24,7.83924914,259.20013428,-1688.13940430,-829.21044747,1459.02341593
122.38,7.79665176,259.20013428,-1686.67736816,-828.89558692,1457.51834811
122.43,7.79665176,259.20013428,-1686.67736816,-828.89558692,1457.51834811
122.58,7.61468492,259.20013428,-1685.32446289,-828.64145269,1456.10393139
122.63,7.61468492,259.20013428,-1685.32446289,-828.64145269,1456.10393139
122.78,7.57316239,259.20013428,-1683.94128418,-828.45346660,1454.61633178
122.83,7.57316239,259.20013428,-1683.94128418,-828.45346660,1454.61633178
122.99,7.78371018,259.20013428,-1682.34741211,-828.17670996,1452.93649005
123.04,7.78371018,259.20013428,-1682.34741211,-828.17670996,1452.93649005
123.19,7.43451036,259.20013428,-1681.11010742,-827.91311305,1451.66051689
123.24,7.43451036,259.20013428,-1681.11010742,-827.91311305,1451.66051689
123.39,7.28096356,259.20013428,-1679.80932617,-827.64820066,1450.31170882
123.44,7.28096356,259.20013428,-1679.80932617,-827.64820066,1450.31170882
123.59,7.18301295,259.20013428,-1678.49243164,-827.37650977,1448.94828250
123.64,7.18301295,259.20013428,-1678.49243164,-827.37650977,1448.94828250
123.79,7.18086287,259.20013428,-1677.16088867,-827.20005780,1447.51256282
123.84,7.18086287,259.20013428,-1677.16088867,-827.20005780,1447.51256282
123.99,7.23105230,259.20013428,-1675.78393555,-826.99025129,1446.04373997
124.04,7.23105230,259.20013428,-1675.78393555,-826.99025129,1446.04373997
124.20,6.74375214,259.20013428,-1674.78503418,-826.83531847,1444.97950032
124.25,6.74375214,259.20013428,-1674.78503418,-826.83531847,1444.97950032
