122.58,0.00000000,259.20013428,-1673.62622070,-817.12397128,1449.21732951
122.63,0.00000000,259.20013428,-1673.62622070,-817.12397128,1449.21732951
122.78,0.57643569,259.20013428,-1674.74121094,-817.17627926,1450.47065054
122.83,0.57643569,259.20013428,-1674.74121094,-817.17627926,1450.47065054
122.99,4.76168893,259.20013428,-1676.44458008,-817.78305586,1452.08537616
123.04,4.76168893,259.20013428,-1676.44458008,-817.78305586,1452.08537616
123.19,7.51105386,259.20013428,-1679.53125000,-817.63865921,1455.71774693
123.24,7.51105386,259.20013428,-1679.53125000,-817.63865921,1455.71774693
123.39,9.77892957,259.20013428,-1682.03442383,-818.67371938,1458.00852992
123.44,9.77892957,259.20013428,-1682.03442383,-818.67371938,1458.00852992
123.59,11.02027898,259.20013428,-1684.33068848,-819.26514632,1460.31301575
123.64,11.02027898,259.20013428,-1684.33068848,-819.26514632,1460.31301575
123.79,11.94819074,259.20013428,-1686.89770508,-819.95501223,1462.87272250
123.84,11.94819074,259.20013428,-1686.89770508,-819.95501223,1462.87272250
123.99,12.35462187,259.20013428,-1689.45654297,-820.64928069,1465.42008214
124.04,12.35462187,259.20013428,-1689.45654297,-820.64928069,1465.42008214
124.20,12.49632824,259.20013428,-1691.91552734,-821.12443704,1467.97628899
124.25,12.49632824,259.20013428,-1691.91552734,-821.12443704,1467.97628899
124.40,12.52094941,259.20013428,-1694.33911133,-821.67602481,1470.44837723
124.45,12.52094941,259.20013428,-1694.33911133,-821.67602481,1470.44837723
124.60,12.55114426,259.20013428,-1696.75891113,-822.21094170,1472.92507349
124.65,12.55114426,259.20013428,-1696.75891113,-822.21094170,1472.92507349
124.80,12.34682348,259.20013428,-1699.02807617,-822.75117023,1475.22541450
124.85,12.34682348,259.20013428,-1699.02807617,-822.75117023,1475.22541450
125.00,12.14162427,259.20013428,-1701.23608398,-823.23961950,1477.48455167
125.05,12.14162427,259.20013428,-1701.23608398,-823.23961950,1477.48455167
125.20,11.99271698,259.20013428,-1703.46325684,-823.73456970,1479.76164157
125.25,11.99271698,259.20013428,-1703.46325684,-823.73456970,1479.76164157
125.40,12.43262486,259.20013428,-1706.11877441,-824.33264650,1482.47176381
125.45,12.43262486,259.20013428,-1706.11877441,-824.33264650,1482.47176381
125.61,12.22165866,259.20013428,-1708.35437012,-824.77357127,1484.78816502
125.66,12.22165866,259.20013428,-1708.35437012,-824.77357127,1484.78816502
125.80,11.96753744,259.20013428,-1710.51904297,-825.26880913,1486.99240349
125.85,11.96753744,259.20013428,-1710.51904297,-825.26880913,1486.99240349
127.27,11.75987298,259.20013428,-1712.66992188,-825.80268039,1489.15901404
127.32,11.75987298,259.20013428,-1712.66992188,-825.80268039,1489.15901404
127.28,11.52190942,259.20013428,-1717.01855469,-826.81695642,1493.57495987
127.33,11.52190942,259.20013428,-1717.01855469,-826.81695642,1493.57495987
127.29,11.18604772,259.20013428,-1719.00903320,-827.28154396,1495.59565826
127.34,11.18604772,259.20013428,-1719.00903320,-827.28154396,1495.59565826
127.29,10.84494190,259.20013428,-1720.92687988,-827.72117415,1497.54693447
127.34,10.84494190,259.20013428,-1720.92687988,-827.72117415,1497.54693447
127.30,10.57915683,259.20013428,-1722.83178711,-828.21892529,1499.45065732
127.35,10.57915683,259.20013428,-1722.83178711,-828.21892529,1499.45065732
127.30,10.42194757,259.20013428,-1724.77990723,-828.71099976,1501.40692297
127.35,10.42194757,259.20013428,-1724.77990723,-828.71099976,1501.40692297
127.41,10.22612132,259.20013428,-1726.65539551,-829.17541970,1503.29536154
127.46,10.22612132,259.20013428,-1726.65539551,-829.17541970,1503.29536154
127.61,10.01410830,259.20013428,-1728.47338867,-829.61838075,1505.12979467
127.66,10.01410830,259.20013428,-1728.47338867,-829.61838075,1505.12979467
127.81,9.78540749,259.20013428,-1730.25683594,-830.10359997,1506.90087078
127.86,9.78540749,259.20013428,-1730.25683594,-830.10359997,1506.90087078
128.02,9.63948085,259.20013428,-1732.03662109,-830.50250797,1508.71552477
128.07,9.63948085,259.20013428,-1732.03662109,-830.50250797,1508.71552477
128.21,9.45881093,259.20013428,-1733.76879883,-830.89841138,1510.47737880
128.26,9.45881093,259.20013428,-1733.76879883,-830.89841138,1510.47737880
128.42,9.38064968,259.20013428,-1735.54443359,-831.32687830,1512.27066293
128.47,9.38064968,259.20013428,-1735.54443359,-831.32687830,1512.27066293
128.62,9.17825531,259.20013428,-1737.21911621,-831.75823097,1513.94678890
128.67,9.17825531,259.20013428,-1737.21911621,-831.75823097,1513.94678890
128.82,9.25742600,259.20013428,-1739.06311035,-832.25903751,1515.77775205
128.87,9.25742600,259.20013428,-1739.06311035,-832.25903751,1515.77775205
129.02,9.32439277,259.20013428,-1740.92822266,-832.80797357,1517.60610884
129.07,9.32439277,259.20013428,-1740.92822266,-832.80797357,1517.60610884
129.22,9.34315790,259.20013428,-1742.75329590,-833.29067332,1519.42512670
129.27,9.34315790,259.20013428,-1742.75329590,-833.29067332,1519.42512670
129.42,9.24857210,259.20013428,-1744.49121094,-833.69955182,1521.18553584
129.47,9.24857210,259.20013428,-1744.49121094,-833.69955182,1521.18553584
129.62,9.14217265,259.20013428,-1746.20544434,-834.09162298,1522.92784883
129.67,9.14217265,259.20013428,-1746.20544434,-834.09162298,1522.92784883
129.82,8.94463577,259.20013428,-1747.85998535,-834.55272613,1524.56356743
129.87,8.94463577,259.20013428,-1747.85998535,-834.55272613,1524.56356743
130.02,8.88981506,259.20013428,-1749.53686523,-834.93255176,1526.26979676
130.07,8.88981506,259.20013428,-1749.53686523,-834.93255176,1526.26979676
130.22,8.94936137,259.20013428,-1751.30212402,-835.35979417,1528.05036149
130.27,8.94936137,259.20013428,-1751.30212402,-835.35979417,1528.05036149
130.43,8.84131483,259.20013428,-1752.95104980,-835.75535986,1529.71572045
130.48,8.84131483,259.20013428,-1752.95104980,-835.75535986,1529.71572045
130.63,8.55073193,259.20013428,-1754.45776367,-836.13140178,1531.22911618
130.68,8.55073193,259.20013428,-1754.45776367,-836.13140178,1531.22911618
130.83,8.32136030,259.20013428,-1755.94445801,-836.48027314,1532.73444810
130.88,8.32136030,259.20013428,-1755.94445801,-836.48027314,1532.73444810
131.03,8.20229752,259.20013428,-1757.45288086,-836.78928017,1534.28665936
131.08,8.20229752,259.20013428,-1757.45288086,-836.78928017,1534.28665936
131.23,8.05205763,259.20013428,-1758.91857910,-837.10123599,1535.78812388
131.28,8.05205763,259.20013428,-1758.91857910,-837.10123599,1535.78812388
131.43,8.04383138,259.20013428,-1760.45715332,-837.44867639,1537.35330222
131.48,8.04383138,259.20013428,-1760.45715332,-837.44867639,1537.35330222
131.63,8.01947542,259.20013428,-1762.01049805,-837.86596507,1538.89661354
131.68,8.01947542,259.20013428,-1762.01049805,-837.86596507,1538.89661354
131.84,7.76865996,259.20013428,-1763.38476562,-838.18410804,1540.28999435
131.89,7.76865996,259.20013428,-1763.38476562,-838.18410804,1540.28999435
132.04,7.39044388,259.20013428,-1764.60681152,-838.46201620,1541.53168468
132.09,7.39044388,259.20013428,-1764.60681152,-838.46201620,1541.53168468
132.24,6.70407362,259.20013428,-1765.52673340,-838.65763794,1542.47392974
132.29,6.70407362,259.20013428,-1765.52673340,-838.65763794,1542.47392974
132.44,6.77729525,259.20013428,-1766.87036133,-838.97988249,1543.82982157
132.49,6.77729525,259.20013428,-1766.87036133,-838.97988249,1543.82982157
132.64,6.55639053,259.20013428,-1768.04821777,-839.35367915,1544.96823309
132.69,6.55639053,259.20013428,-1768.04821777,-839.35367915,1544.96823309
132.84,6.32003007,259.20013428,-1769.14331055,-839.59896410,1546.08289398
132.89,6.32003007,259.20013428,-1769.14331055,-839.59896410,1546.08289398
133.05,6.10372013,259.20013428,-1770.20397949,-839.82464469,1547.16893379
133.10,6.10372013,259.20013428,-1770.20397949,-839.82464469,1547.16893379
133.25,5.88631358,259.20013428,-1771.21533203,-840.02637385,1548.21170081
133.30,5.88631358,259.20013428,-1771.21533203,-840.02637385,1548.21170081
133.45,4.82329788,259.20013428,-1771.57690430,-840.06857889,1548.60088602
133.50,4.82329788,259.20013428,-1771.57690430,-840.06857889,1548.60088602
133.65,4.56132451,259.20013428,-1772.37170410,-840.30483227,1549.37770747
133.70,4.56132451,259.20013428,-1772.37170410,-840.30483227,1549.37770747
133.85,4.75912620,259.20013428,-1773.43334961,-840.61677459,1550.41732925
133.90,4.75912620,259.20013428,-1773.43334961,-840.61677459,1550.41732925
134.05,4.59010001,259.20013428,-1774.22497559,-840.78915314,1551.22556194
134.10,4.59010001,259.20013428,-1774.22497559,-840.78915314,1551.22556194
134.26,4.44856925,259.20013428,-1774.99145508,-840.90150198,1552.03797249
134.31,4.44856925,259.20013428,-1774.99145508,-840.90150198,1552.03797249
134.45,4.28610383,259.20013428,-1775.70947266,-841.00402957,1552.80034713
134.50,4.28610383,259.20013428,-1775.70947266,-841.00402957,1552.80034713
134.65,3.50966480,259.20013428,-1775.95153809,-841.02007427,1553.06749300
134.70,3.50966480,259.20013428,-1775.95153809,-841.02007427,1553.06749300
134.85,3.20681722,259.20013428,-1776.39331055,-841.06150840,1553.54831967
134.90,3.20681722,259.20013428,-1776.39331055,-841.06150840,1553.54831967
135.05,2.84766189,259.20013428,-1776.75646973,-841.10223337,1553.94008965
135.10,2.84766189,259.20013428,-1776.75646973,-841.10223337,1553.94008965
135.26,2.68696832,259.20013428,-1777.18334961,-841.14826000,1554.40140555
135.31,2.68696832,259.20013428,-1777.18334961,-841.14826000,1554.40140555
135.46,3.07156481,259.20013428,-1777.97009277,-841.31779433,1555.20534574
135.51,3.07156481,259.20013428,-1777.97009277,-841.31779433,1555.20534574
135.66,3.49185866,259.20013428,-1778.87841797,-841.51715482,1556.13153061
135.71,3.49185866,259.20013428,-1778.87841797,-841.51715482,1556.13153061
135.86,3.61724164,259.20013428,-1779.63610840,-841.66816172,1556.91230337
135.91,3.61724164,259.20013428,-1779.63610840,-841.66816172,1556.91230337
136.06,3.49374612,259.20013428,-1780.25170898,-841.81872950,1557.53163885
136.11,3.49374612,259.20013428,-1780.25170898,-841.81872950,1557.53163885
136.26,2.57140946,259.20013428,-1780.26489258,-841.81250222,1557.55000557
136.31,2.57140946,259.20013428,-1780.26489258,-841.81250222,1557.55000557
136.47,2.51424417,259.20013428,-1780.75195312,-842.02668238,1557.98807413
136.52,2.51424417,259.20013428,-1780.75195312,-842.02668238,1557.98807413
136.66,1.83715285,259.20013428,-1780.80029297,-842.11227820,1557.99639763
136.71,1.83715285,259.20013428,-1780.80029297,-842.11227820,1557.99639763
136.86,1.36430834,259.20013428,-1780.84301758,-842.09648653,1558.05363116
136.91,1.36430834,259.20013428,-1780.84301758,-842.09648653,1558.05363116
137.07,1.46137048,259.20013428,-1781.18457031,-842.21219009,1558.37967854
137.12,1.46137048,259.20013428,-1781.18457031,-842.21219009,1558.37967854
137.27,1.04001841,259.20013428,-1781.18786621,-842.23281958,1558.37210035
137.32,1.04001841,259.20013428,-1781.18786621,-842.23281958,1558.37210035
137.47,0.97833646,259.20013428,-1781.34875488,-842.27548373,1558.53207718
137.52,0.97833646,259.20013428,-1781.34875488,-842.27548373,1558.53207718
137.67,0.86173171,259.20013428,-1781.45642090,-842.31583364,1558.63285145
137.72,0.86173171,259.20013428,-1781.45642090,-842.31583364,1558.63285145
137.87,0.21854704,259.20013428,-1781.16345215,-842.24008944,1558.34029030
137.92,0.21854704,259.20013428,-1781.16345215,-842.24008944,1558.34029030
138.07,0.05726668,259.20013428,-1781.06311035,-842.20816066,1558.24338250
138.12,0.05726668,259.20013428,-1781.06311035,-842.20816066,1558.24338250
138.27,0.28020519,259.20013428,-1780.84765625,-842.12854720,1558.04140613
138.32,0.28020519,259.20013428,-1780.84765625,-842.12854720,1558.04140613
138.47,0.45884395,259.20013428,-1780.68469238,-842.04764668,1557.89985699
138.52,0.45884395,259.20013428,-1780.68469238,-842.04764668,1557.89985699
138.68,0.62318150,259.20013428,-1780.46997070,-841.94492782,1557.71129620
138.73,0.62318150,259.20013428,-1780.46997070,-841.94492782,1557.71129620
138.88,0.39618842,259.20013428,-1780.53601074,-841.96663234,1557.77481961
138.93,0.39618842,259.20013428,-1780.53601074,-841.96663234,1557.77481961
139.08,0.22385119,259.20013428,-1780.60302734,-842.00395394,1557.83069969
139.13,0.22385119,259.20013428,-1780.60302734,-842.00395394,1557.83069969
139.28,0.10742294,259.20013428,-1780.61572266,-842.01723408,1557.83801471
139.33,0.10742294,259.20013428,-1780.61572266,-842.01723408,1557.83801471
139.48,0.29402805,259.20013428,-1780.89990234,-842.16196794,1558.08265711
139.53,0.29402805,259.20013428,-1780.89990234,-842.16196794,1558.08265711
139.68,0.18769886,259.20013428,-1780.88879395,-842.15541111,1558.07358753
139.73,0.18769886,259.20013428,-1780.88879395,-842.15541111,1558.07358753
139.88,0.35713941,259.20013428,-1781.05871582,-842.27516734,1558.20189649
139.93,0.35713941,259.20013428,-1781.05871582,-842.27516734,1558.20189649
140.08,0.30300735,259.20013428,-1781.10241699,-842.30097403,1558.23753609
140.13,0.30300735,259.20013428,-1781.10241699,-842.30097403,1558.23753609
140.28,0.05654484,259.20013428,-1780.96484375,-842.20760993,1558.13186669
140.33,0.05654484,259.20013428,-1780.96484375,-842.20760993,1558.13186669
140.48,0.12999514,259.20013428,-1781.02832031,-842.25999588,1558.17541624
140.53,0.12999514,259.20013428,-1781.02832031,-842.25999588,1558.17541624
140.69,0.16125816,259.20013428,-1781.08618164,-842.29376211,1558.22304017
140.74,0.16125816,259.20013428,-1781.08618164,-842.29376211,1558.22304017
140.89,0.05442062,259.20013428,-1780.92663574,-842.20250574,1558.09089799
140.94,0.05442062,259.20013428,-1780.92663574,-842.20250574,1558.09089799
141.09,0.12721128,259.20013428,-1780.86584473,-842.14326382,1558.05407283
141.14,0.12721128,259.20013428,-1780.86584473,-842.14326382,1558.05407283
141.29,0.17732805,259.20013428,-1780.81579590,-842.07948976,1558.03189557
141.34,0.17732805,259.20013428,-1780.81579590,-842.07948976,1558.03189557
141.49,0.22772488,259.20013428,-1780.85180664,-842.05603668,1558.08570501
141.54,0.22772488,259.20013428,-1780.85180664,-842.05603668,1558.08570501
141.69,0.07731957,259.20013428,-1780.72106934,-842.06447425,1557.93225767
141.74,0.07731957,259.20013428,-1780.72106934,-842.06447425,1557.93225767
141.89,0.12716693,259.20013428,-1780.71643066,-842.10143589,1557.90669247
141.94,0.12716693,259.20013428,-1780.71643066,-842.10143589,1557.90669247
142.10,0.15467516,259.20013428,-1780.77172852,-842.14222743,1557.94732973
142.15,0.15467516,259.20013428,-1780.77172852,-842.14222743,1557.94732973
142.30,0.18232225,259.20013428,-1780.81689453,-842.17302478,1557.98205329
142.35,0.18232225,259.20013428,-1780.81689453,-842.17302478,1557.98205329
142.49,0.27453254,259.20013428,-1780.90502930,-842.23077596,1558.05108473
142.54,0.27453254,259.20013428,-1780.90502930,-842.23077596,1558.05108473
142.70,0.06250509,259.20013428,-1780.77099609,-842.14756165,1557.94358038
142.75,0.06250509,259.20013428,-1780.77099609,-842.14756165,1557.94358038
142.89,0.19584389,259.20013428,-1780.69824219,-842.08000009,1557.89765689
142.94,0.19584389,259.20013428,-1780.69824219,-842.08000009,1557.89765689
143.10,0.11283144,259.20013428,-1780.75756836,-842.10261573,1557.95286835
143.15,0.11283144,259.20013428,-1780.75756836,-842.10261573,1557.95286835
143.30,0.12642934,259.20013428,-1780.79211426,-842.09911830,1557.99409974
143.35,0.12642934,259.20013428,-1780.79211426,-842.09911830,1557.99409974
143.50,0.11991936,259.20013428,-1780.79333496,-842.08469396,1558.00340906
143.55,0.11991936,259.20013428,-1780.79333496,-842.08469396,1558.00340906
143.70,0.13964061,259.20013428,-1780.84167480,-842.09804323,1558.05129712
143.75,0.13964061,259.20013428,-1780.84167480,-842.09804323,1558.05129712
143.91,0.21032182,259.20013428,-1780.92871094,-842.12900664,1558.13357083
143.96,0.21032182,259.20013428,-1780.92871094,-842.12900664,1558.13357083
144.10,0.13128285,259.20013428,-1780.82470703,-842.13589085,1558.01120029
144.15,0.13128285,259.20013428,-1780.82470703,-842.13589085,1558.01120029
144.30,0.23905170,259.20013428,-1780.74475098,-842.13228740,1557.92209037
144.35,0.23905170,259.20013428,-1780.74475098,-842.13228740,1557.92209037
144.50,0.28223822,259.20013428,-1780.69775391,-842.15191928,1557.85795000
144.55,0.28223822,259.20013428,-1780.69775391,-842.15191928,1557.85795000
144.70,0.05934091,259.20013428,-1780.88012695,-842.14746137,1558.06807345
144.75,0.05934091,259.20013428,-1780.88012695,-842.14746137,1558.06807345
144.90,0.31656748,259.20013428,-1780.61804199,-842.15568339,1557.76498791
144.95,0.31656748,259.20013428,-1780.61804199,-842.15568339,1557.76498791
145.11,0.20963738,259.20013428,-1780.60131836,-842.12597153,1557.76203309
145.16,0.20963738,259.20013428,-1780.60131836,-842.12597153,1557.76203309
145.31,0.13101790,259.20013428,-1780.59082031,-842.09132010,1557.76907108
145.36,0.13101790,259.20013428,-1780.59082031,-842.09132010,1557.76907108
145.51,0.19573375,259.20013428,-1780.78210449,-842.14245284,1557.95911063
145.56,0.19573375,259.20013428,-1780.78210449,-842.14245284,1557.95911063
145.71,0.03923834,259.20013428,-1780.70690918,-842.11271386,1557.88966230
145.76,0.03923834,259.20013428,-1780.70690918,-842.11271386,1557.88966230
145.91,0.31299247,259.20013428,-1780.43957520,-841.95230084,1557.67268359
145.96,0.31299247,259.20013428,-1780.43957520,-841.95230084,1557.67268359
146.11,0.18828480,259.20013428,-1780.47875977,-841.94724724,1557.72014635
146.16,0.18828480,259.20013428,-1780.47875977,-841.94724724,1557.72014635
146.31,0.09989176,259.20013428,-1780.51843262,-841.95602582,1557.76049198
146.36,0.09989176,259.20013428,-1780.51843262,-841.95602582,1557.76049198
146.52,0.03798258,259.20013428,-1780.70593262,-842.04143519,1557.92750322
146.57,0.03798258,259.20013428,-1780.70593262,-842.04143519,1557.92750322
146.71,0.25918174,259.20013428,-1780.55749512,-842.07769447,1557.73851728
146.76,0.25918174,259.20013428,-1780.55749512,-842.07769447,1557.73851728
146.91,0.07358058,259.20013428,-1780.68884277,-842.07794869,1557.88804187
146.96,0.07358058,259.20013428,-1780.68884277,-842.07794869,1557.88804187
147.12,0.31864058,259.20013428,-1780.83544922,-842.08066243,1558.05353242
147.17,0.31864058,259.20013428,-1780.83544922,-842.08066243,1558.05353242
147.32,0.15482512,259.20013428,-1780.79089355,-842.11687573,1557.98319712
147.37,0.15482512,259.20013428,-1780.79089355,-842.11687573,1557.98319712
147.52,0.40081236,259.20013428,-1780.47705078,-842.13489207,1557.61567514
147.57,0.40081236,259.20013428,-1780.47705078,-842.13489207,1557.61567514
147.72,0.28128690,259.20013428,-1780.48083496,-842.12414489,1557.62581634
147.77,0.28128690,259.20013428,-1780.48083496,-842.12414489,1557.62581634
147.92,0.03093072,259.20013428,-1780.66772461,-842.17150881,1557.81291194
147.97,0.03093072,259.20013428,-1780.66772461,-842.17150881,1557.81291194
148.12,0.02888330,259.20013428,-1780.67187500,-842.17414844,1557.81628508
148.17,0.02888330,259.20013428,-1780.67187500,-842.17414844,1557.81628508
