134.05,0.00000000,259.20013428,-1677.97851562,-820.48499154,1452.31084680
134.10,0.00000000,259.20013428,-1677.97851562,-820.48499154,1452.31084680
134.26,0.50119887,259.20013428,-1679.31335449,-820.93004799,1453.59376824
134.31,0.50119887,259.20013428,-1679.31335449,-820.93004799,1453.59376824
134.45,4.15200099,259.20013428,-1681.04626465,-821.32062387,1455.36612712
134.50,4.15200099,259.20013428,-1681.04626465,-821.32062387,1455.36612712
134.65,7.66492602,259.20013428,-1683.11071777,-821.40526205,1457.69384690
134.70,7.66492602,259.20013428,-1683.11071777,-821.40526205,1457.69384690
134.85,9.65914319,259.20013428,-1685.46533203,-822.19842465,1459.95177364
134.90,9.65914319,259.20013428,-1685.46533203,-822.19842465,1459.95177364
135.05,10.22966911,259.20013428,-1687.50671387,-822.37758551,1462.19842170
135.10,10.22966911,259.20013428,-1687.50671387,-822.37758551,1462.19842170
135.26,10.39792885,259.20013428,-1689.55419922,-822.83582718,1464.29289267
135.31,10.39792885,259.20013428,-1689.55419922,-822.83582718,1464.29289267
135.46,9.95316380,259.20013428,-1691.30786133,-823.36196368,1466.01062105
135.51,9.95316380,259.20013428,-1691.30786133,-823.36196368,1466.01062105
135.66,9.53687289,259.20013428,-1692.94213867,-823.81017804,1467.63538882
135.71,9.53687289,259.20013428,-1692.94213867,-823.81017804,1467.63538882
135.86,9.66025532,259.20013428,-1694.81347656,-824.09840038,1469.62321878
135.91,9.66025532,259.20013428,-1694.81347656,-824.09840038,1469.62321878
136.06,9.61171286,259.20013428,-1696.62622070,-824.44829872,1471.50834427
136.11,9.61171286,259.20013428,-1696.62622070,-824.44829872,1471.50834427
136.26,9.47521175,259.20013428,-1698.37731934,-824.87205871,1473.28052929
136.31,9.47521175,259.20013428,-1698.37731934,-824.87205871,1473.28052929
136.47,9.68595701,259.20013428,-1700.32922363,-825.32404446,1475.26730872
136.52,9.68595701,259.20013428,-1700.32922363,-825.32404446,1475.26730872
136.66,9.62424425,259.20013428,-1702.13391113,-825.70374538,1477.12556424
136.71,9.62424425,259.20013428,-1702.13391113,-825.70374538,1477.12556424
136.86,9.52247697,259.20013428,-1703.91284180,-826.10445678,1478.94231853
136.91,9.52247697,259.20013428,-1703.91284180,-826.10445678,1478.94231853
137.07,9.53090489,259.20013428,-1705.74731445,-826.53238837,1480.80713203
137.12,9.53090489,259.20013428,-1705.74731445,-826.53238837,1480.80713203
137.27,9.40672691,259.20013428,-1707.48120117,-826.90210413,1482.58919340
137.32,9.40672691,259.20013428,-1707.48120117,-826.90210413,1482.58919340
137.47,9.35183574,259.20013428,-1709.22937012,-827.22806107,1484.41192900
137.52,9.35183574,259.20013428,-1709.22937012,-827.22806107,1484.41192900
137.67,9.30977162,259.20013428,-1710.99279785,-827.59556780,1486.22879720
137.72,9.30977162,259.20013428,-1710.99279785,-827.59556780,1486.22879720
137.87,9.29695847,259.20013428,-1712.76904297,-827.97238291,1488.05474971
137.92,9.29695847,259.20013428,-1712.76904297,-827.97238291,1488.05474971
138.07,9.24677233,259.20013428,-1714.51367188,-828.36000990,1489.83825999
138.12,9.24677233,259.20013428,-1714.51367188,-828.36000990,1489.83825999
138.27,9.14235130,259.20013428,-1716.21948242,-828.74470195,1491.57867420
138.32,9.14235130,259.20013428,-1716.21948242,-828.74470195,1491.57867420
138.47,9.08833035,259.20013428,-1717.92321777,-829.10984440,1493.32737229
138.52,9.08833035,259.20013428,-1717.92321777,-829.10984440,1493.32737229
138.68,9.01307775,259.20013428,-1719.61645508,-829.48400513,1495.05878094
138.73,9.01307775,259.20013428,-1719.61645508,-829.48400513,1495.05878094
138.88,8.93675741,259.20013428,-1721.30090332,-829.87636219,1496.76994686
138.93,8.93675741,259.20013428,-1721.30090332,-829.87636219,1496.76994686
139.08,8.87024909,259.20013428,-1722.95800781,-830.24348469,1498.46358069
139.13,8.87024909,259.20013428,-1722.95800781,-830.24348469,1498.46358069
139.28,8.89651400,259.20013428,-1724.68249512,-830.61116399,1500.23404480
139.33,8.89651400,259.20013428,-1724.68249512,-830.61116399,1500.23404480
139.48,8.90326202,259.20013428,-1726.40148926,-830.98555176,1501.99430901
139.53,8.90326202,259.20013428,-1726.40148926,-830.98555176,1501.99430901
139.68,8.81474226,259.20013428,-1728.05590820,-831.35943375,1503.68057046
139.73,8.81474226,259.20013428,-1728.05590820,-831.35943375,1503.68057046
139.88,8.71042985,259.20013428,-1729.67236328,-831.70259491,1505.34031516
139.93,8.71042985,259.20013428,-1729.67236328,-831.70259491,1505.34031516
140.08,8.78854135,259.20013428,-1731.38879395,-832.04920868,1507.11250835
140.13,8.78854135,259.20013428,-1731.38879395,-832.04920868,1507.11250835
140.28,8.79122887,259.20013428,-1733.04724121,-832.35308637,1508.84196017
140.33,8.79122887,259.20013428,-1733.04724121,-832.35308637,1508.84196017
140.48,8.93607127,259.20013428,-1734.84460449,-832.76821685,1510.66817092
140.53,8.93607127,259.20013428,-1734.84460449,-832.76821685,1510.66817092
140.69,8.92522294,259.20013428,-1736.57165527,-833.19967359,1512.40468461
140.74,8.92522294,259.20013428,-1736.57165527,-833.19967359,1512.40468461
140.89,8.85729508,259.20013428,-1738.23095703,-833.56191962,1514.10204998
140.94,8.85729508,259.20013428,-1738.23095703,-833.56191962,1514.10204998
141.09,8.78179473,259.20013428,-1739.87695312,-833.90943181,1515.79205715
141.14,8.78179473,259.20013428,-1739.87695312,-833.90943181,1515.79205715
141.29,8.58916335,259.20013428,-1741.41516113,-834.19289611,1517.39429944
141.34,8.58916335,259.20013428,-1741.41516113,-834.19289611,1517.39429944
141.49,8.38299657,259.20013428,-1742.90820312,-834.47381874,1518.94615045
141.54,8.38299657,259.20013428,-1742.90820312,-834.47381874,1518.94615045
141.69,8.14826442,259.20013428,-1744.32397461,-834.74069675,1520.41718542
141.74,8.14826442,259.20013428,-1744.32397461,-834.74069675,1520.41718542
141.89,7.90307890,259.20013428,-1745.72424316,-835.04477490,1521.84977584
141.94,7.90307890,259.20013428,-1745.72424316,-835.04477490,1521.84977584
142.10,7.43791110,259.20013428,-1746.90722656,-835.30505558,1523.05797343
142.15,7.43791110,259.20013428,-1746.90722656,-835.30505558,1523.05797343
142.30,7.41879771,259.20013428,-1748.31518555,-835.59880490,1524.50484917
142.35,7.41879771,259.20013428,-1748.31518555,-835.59880490,1524.50484917
142.49,7.36750609,259.20013428,-1749.69702148,-835.90681760,1525.91377594
142.54,7.36750609,259.20013428,-1749.69702148,-835.90681760,1525.91377594
142.70,7.21365795,259.20013428,-1751.01232910,-836.20121786,1527.25411102
142.75,7.21365795,259.20013428,-1751.01232910,-836.20121786,1527.25411102
142.89,6.79629703,259.20013428,-1752.11169434,-836.42682461,1528.38573213
142.94,6.79629703,259.20013428,-1752.11169434,-836.42682461,1528.38573213
143.10,6.77085442,259.20013428,-1753.41040039,-836.73506198,1529.69920641
143.15,6.77085442,259.20013428,-1753.41040039,-836.73506198,1529.69920641
143.30,6.76159681,259.20013428,-1754.70092773,-837.01094493,1531.02126619
143.35,6.76159681,259.20013428,-1754.70092773,-837.01094493,1531.02126619
143.50,6.68561378,259.20013428,-1755.93884277,-837.27799399,1532.28795495
143.55,6.68561378,259.20013428,-1755.93884277,-837.27799399,1532.28795495
143.70,6.40461490,259.20013428,-1757.02697754,-837.51544073,1533.39974122
143.75,6.40461490,259.20013428,-1757.02697754,-837.51544073,1533.39974122
143.91,6.15944875,259.20013428,-1758.06347656,-837.72012198,1534.47076283
143.96,6.15944875,259.20013428,-1758.06347656,-837.72012198,1534.47076283
144.10,6.23795963,259.20013428,-1759.31665039,-838.04843484,1535.72064849
144.15,6.23795963,259.20013428,-1759.31665039,-838.04843484,1535.72064849
144.30,6.18330564,259.20013428,-1760.46850586,-838.28368908,1536.90629036
144.35,6.18330564,259.20013428,-1760.46850586,-838.28368908,1536.90629036
144.50,5.92944830,259.20013428,-1761.48120117,-838.50087783,1537.94283583
144.55,5.92944830,259.20013428,-1761.48120117,-838.50087783,1537.94283583
144.70,5.22995569,259.20013428,-1762.13000488,-838.62511174,1538.61514261
144.75,5.22995569,259.20013428,-1762.13000488,-838.62511174,1538.61514261
144.90,5.00030642,259.20013428,-1762.94055176,-838.77212433,1539.45945718
144.95,5.00030642,259.20013428,-1762.94055176,-838.77212433,1539.45945718
145.11,5.05955445,259.20013428,-1763.93981934,-838.97366173,1540.48918814
145.16,5.05955445,259.20013428,-1763.93981934,-838.97366173,1540.48918814
145.31,5.02187837,259.20013428,-1764.89245605,-839.20113197,1541.45130631
145.36,5.02187837,259.20013428,-1764.89245605,-839.20113197,1541.45130631
145.51,4.94128151,259.20013428,-1765.80664062,-839.44184353,1542.36234379
145.56,4.94128151,259.20013428,-1765.80664062,-839.44184353,1542.36234379
145.71,4.78509076,259.20013428,-1766.65039062,-839.65121411,1543.21007840
145.76,4.78509076,259.20013428,-1766.65039062,-839.65121411,1543.21007840
145.91,4.34736084,259.20013428,-1767.22998047,-839.73514697,1543.82528081
145.96,4.34736084,259.20013428,-1767.22998047,-839.73514697,1543.82528081
146.11,3.84625520,259.20013428,-1767.69067383,-839.78117472,1544.32563642
146.16,3.84625520,259.20013428,-1767.69067383,-839.78117472,1544.32563642
146.31,3.26469310,259.20013428,-1768.00024414,-839.78575688,1544.67634780
146.36,3.26469310,259.20013428,-1768.00024414,-839.78575688,1544.67634780
146.52,2.80173928,259.20013428,-1768.29040527,-839.80378168,1544.99741507
146.57,2.80173928,259.20013428,-1768.29040527,-839.80378168,1544.99741507
146.71,2.49834309,259.20013428,-1768.61022949,-839.84603358,1545.33910738
146.76,2.49834309,259.20013428,-1768.61022949,-839.84603358,1545.33910738
146.91,2.32799492,259.20013428,-1768.94897461,-839.86274919,1545.71643997
146.96,2.32799492,259.20013428,-1768.94897461,-839.86274919,1545.71643997
147.12,2.24505310,259.20013428,-1769.32336426,-839.90468350,1546.12052729
147.17,2.24505310,259.20013428,-1769.32336426,-839.90468350,1546.12052729
147.32,2.11936411,259.20013428,-1769.65576172,-839.95210285,1546.47365047
147.37,2.11936411,259.20013428,-1769.65576172,-839.95210285,1546.47365047
147.52,2.07111211,259.20013428,-1770.01708984,-840.00285757,1546.85787271
147.57,2.07111211,259.20013428,-1770.01708984,-840.00285757,1546.85787271
147.72,1.98244764,259.20013428,-1770.34484863,-840.05704282,1547.20199480
147.77,1.98244764,259.20013428,-1770.34484863,-840.05704282,1547.20199480
147.92,1.97608569,259.20013428,-1770.71948242,-840.14458555,1547.58125152
147.97,1.97608569,259.20013428,-1770.71948242,-840.14458555,1547.58125152
148.12,1.78901405,259.20013428,-1770.96923828,-840.20454388,1547.83334745
148.17,1.78901405,259.20013428,-1770.96923828,-840.20454388,1547.83334745
148.33,1.74563759,259.20013428,-1771.33386230,-840.39966458,1548.14221345
148.38,1.74563759,259.20013428,-1771.33386230,-840.39966458,1548.14221345
148.52,1.66790646,259.20013428,-1771.62011719,-840.51327234,1548.40633196
148.57,1.66790646,259.20013428,-1771.62011719,-840.51327234,1548.40633196
148.73,1.78822882,259.20013428,-1772.03930664,-840.65789465,1548.80503408
148.78,1.78822882,259.20013428,-1772.03930664,-840.65789465,1548.80503408
148.93,1.74257987,259.20013428,-1772.36633301,-840.75212344,1549.12645232
148.98,1.74257987,259.20013428,-1772.36633301,-840.75212344,1549.12645232
149.13,1.47497881,259.20013428,-1772.49755859,-840.77693850,1549.26245786
149.18,1.47497881,259.20013428,-1772.49755859,-840.77693850,1549.26245786
149.33,1.32054793,259.20013428,-1772.66625977,-840.80165607,1549.44131194
149.38,1.32054793,259.20013428,-1772.66625977,-840.80165607,1549.44131194
149.53,1.12182437,259.20013428,-1772.76318359,-840.79722338,1549.55424334
149.58,1.12182437,259.20013428,-1772.76318359,-840.79722338,1549.55424334
149.73,0.90933962,259.20013428,-1772.82409668,-840.80171255,1549.62130277
149.78,0.90933962,259.20013428,-1772.82409668,-840.80171255,1549.62130277
149.93,0.67978453,259.20013428,-1772.82995605,-840.79296637,1549.63284893
149.98,0.67978453,259.20013428,-1772.82995605,-840.79296637,1549.63284893
150.14,0.62872123,259.20013428,-1772.91613770,-840.79719982,1549.72878617
150.19,0.62872123,259.20013428,-1772.91613770,-840.79719982,1549.72878617
150.34,0.54974038,259.20013428,-1772.97265625,-840.79708924,1549.79321609
150.39,0.54974038,259.20013428,-1772.97265625,-840.79708924,1549.79321609
150.54,0.43080949,259.20013428,-1772.98376465,-840.78191917,1549.81419251
150.59,0.43080949,259.20013428,-1772.98376465,-840.78191917,1549.81419251
150.74,0.35795512,259.20013428,-1773.00744629,-840.76428331,1549.85082930
150.79,0.35795512,259.20013428,-1773.00744629,-840.76428331,1549.85082930
150.94,0.36490931,259.20013428,-1773.07604980,-840.76329811,1549.92970573
150.99,0.36490931,259.20013428,-1773.07604980,-840.76329811,1549.92970573
151.14,0.33305078,259.20013428,-1773.12207031,-840.77358748,1549.97659759
151.19,0.33305078,259.20013428,-1773.12207031,-840.77358748,1549.97659759
151.34,0.29371959,259.20013428,-1773.15856934,-840.78712863,1550.01080009
151.39,0.29371959,259.20013428,-1773.15856934,-840.78712863,1550.01080009
151.55,0.23553402,259.20013428,-1773.17541504,-840.79758093,1550.02414841
151.60,0.23553402,259.20013428,-1773.17541504,-840.79758093,1550.02414841
151.75,0.17136023,259.20013428,-1773.17602539,-840.80186606,1550.02249307
151.80,0.17136023,259.20013428,-1773.17602539,-840.80186606,1550.02249307
151.95,0.13407449,259.20013428,-1773.17956543,-840.79967798,1550.02766686
152.00,0.13407449,259.20013428,-1773.17956543,-840.79967798,1550.02766686
152.15,0.10055833,259.20013428,-1773.17883301,-840.79283978,1550.03061677
152.20,0.10055833,259.20013428,-1773.17883301,-840.79283978,1550.03061677
152.35,0.05977307,259.20013428,-1773.16796875,-840.79043381,1550.01971263
152.40,0.05977307,259.20013428,-1773.16796875,-840.79043381,1550.01971263
152.55,0.05776158,259.20013428,-1773.17810059,-840.79644101,1550.02784277
152.60,0.05776158,259.20013428,-1773.17810059,-840.79644101,1550.02784277
152.75,0.03556982,259.20013428,-1773.17346191,-840.79466491,1550.02351773
152.80,0.03556982,259.20013428,-1773.17346191,-840.79466491,1550.02351773
152.96,0.03232287,259.20013428,-1773.18054199,-840.80450920,1550.02620155
153.01,0.03232287,259.20013428,-1773.18054199,-840.80450920,1550.02620155
153.16,0.02634387,259.20013428,-1773.18212891,-840.80616255,1550.02704073
153.21,0.02634387,259.20013428,-1773.18212891,-840.80616255,1550.02704073
153.36,0.01981955,259.20013428,-1773.18493652,-840.81015852,1550.02813645
153.41,0.01981955,259.20013428,-1773.18493652,-840.81015852,1550.02813645
153.56,0.00433911,259.20013428,-1773.18005371,-840.81359061,1550.02071167
153.61,0.00433911,259.20013428,-1773.18005371,-840.81359061,1550.02071167
153.76,0.00118577,259.20013428,-1773.17712402,-840.81012138,1550.01923558
153.81,0.00118577,259.20013428,-1773.17712402,-840.81012138,1550.01923558
153.96,0.00001333,259.20013428,-1773.17541504,-840.80963400,1550.01755222
154.01,0.00001333,259.20013428,-1773.17541504,-840.80963400,1550.01755222
154.16,0.00782136,259.20013428,-1773.17004395,-840.81042023,1550.01103023
154.21,0.00782136,259.20013428,-1773.17004395,-840.81042023,1550.01103023
154.37,0.00511261,259.20013428,-1773.17407227,-840.82218168,1550.00920189
154.42,0.00511261,259.20013428,-1773.17407227,-840.82218168,1550.00920189
154.56,0.01752065,259.20013428,-1773.18811035,-840.82660563,1550.02272385
154.61,0.01752065,259.20013428,-1773.18811035,-840.82660563,1550.02272385
154.76,0.02818901,259.20013428,-1773.19763184,-840.82736934,1550.03319851
154.81,0.02818901,259.20013428,-1773.19763184,-840.82736934,1550.03319851
154.97,0.02166968,259.20013428,-1773.19592285,-840.82497868,1550.03255863
155.02,0.02166968,259.20013428,-1773.19592285,-840.82497868,1550.03255863
155.17,0.15317238,259.20013428,-1773.28344727,-840.84187960,1550.12306503
155.22,0.15317238,259.20013428,-1773.28344727,-840.84187960,1550.12306503
155.36,0.09337032,259.20013428,-1773.26416016,-840.83482603,1550.10494381
155.41,0.09337032,259.20013428,-1773.26416016,-840.83482603,1550.10494381
155.56,0.01769884,259.20013428,-1773.22680664,-840.83097601,1550.06450704
155.61,0.01769884,259.20013428,-1773.22680664,-840.83097601,1550.06450704
155.77,0.01514345,259.20013428,-1773.20739746,-840.83202467,1550.04173496
155.82,0.01514345,259.20013428,-1773.20739746,-840.83202467,1550.04173496
155.96,0.02086363,259.20013428,-1773.20104980,-840.83282245,1550.03410535
156.01,0.02086363,259.20013428,-1773.20104980,-840.83282245,1550.03410535
156.17,0.05645550,259.20013428,-1773.17358398,-840.82641596,1550.00638239
156.22,0.05645550,259.20013428,-1773.17358398,-840.82641596,1550.00638239
156.37,0.04439509,259.20013428,-1773.17712402,-840.81765354,1550.01518625
156.42,0.04439509,259.20013428,-1773.17712402,-840.81765354,1550.01518625
156.57,0.04215983,259.20013428,-1773.17309570,-840.81698498,1550.01084757
156.62,0.04215983,259.20013428,-1773.17309570,-840.81698498,1550.01084757
