136.47,0.00000000,259.20013428,-1688.55969238,-821.52009929,1463.89604560
136.52,0.00000000,259.20013428,-1688.55969238,-821.52009929,1463.89604560
136.66,0.03154874,259.20013428,-1690.03930664,-821.87888042,1465.39347866
136.71,0.03154874,259.20013428,-1690.03930664,-821.87888042,1465.39347866
136.86,1.10898071,259.20013428,-1691.17456055,-822.19603803,1466.51855703
136.91,1.10898071,259.20013428,-1691.17456055,-822.19603803,1466.51855703
137.07,5.78006717,259.20013428,-1693.05676270,-822.22197151,1468.66673406
137.12,5.78006717,259.20013428,-1693.05676270,-822.22197151,1468.66673406
137.27,6.40593950,259.20013428,-1694.77807617,-823.12922823,1470.13125574
137.32,6.40593950,259.20013428,-1694.77807617,-823.12922823,1470.13125574
137.47,7.22609014,259.20013428,-1696.42480469,-823.30649664,1471.92269329
137.52,7.22609014,259.20013428,-1696.42480469,-823.30649664,1471.92269329
137.67,7.49412622,259.20013428,-1698.00573730,-823.62203186,1473.56034195
137.72,7.49412622,259.20013428,-1698.00573730,-823.62203186,1473.56034195
137.87,7.67101017,259.20013428,-1699.59228516,-824.02462550,1475.15486022
137.92,7.67101017,259.20013428,-1699.59228516,-824.02462550,1475.15486022
138.07,7.69653117,259.20013428,-1701.10473633,-824.44634186,1476.65371662
138.12,7.69653117,259.20013428,-1701.10473633,-824.44634186,1476.65371662
138.27,7.91871437,259.20013428,-1702.80981445,-825.06165511,1478.26421055
138.32,7.91871437,259.20013428,-1702.80981445,-825.06165511,1478.26421055
138.47,7.71542555,259.20013428,-1704.21435547,-825.48938592,1479.63551841
138.52,7.71542555,259.20013428,-1704.21435547,-825.48938592,1479.63551841
138.68,7.48805544,259.20013428,-1705.55041504,-825.82581525,1480.97950420
138.73,7.48805544,259.20013428,-1705.55041504,-825.82581525,1480.97950420
138.88,7.39662503,259.20013428,-1706.94226074,-826.19242806,1482.37045900
138.93,7.39662503,259.20013428,-1706.94226074,-826.19242806,1482.37045900
139.08,7.40767007,259.20013428,-1708.37353516,-826.52066616,1483.82815060
139.13,7.40767007,259.20013428,-1708.37353516,-826.52066616,1483.82815060
139.28,7.46100215,259.20013428,-1709.83056641,-826.82925316,1485.32637828
139.33,7.46100215,259.20013428,-1709.83056641,-826.82925316,1485.32637828
139.48,7.39949444,259.20013428,-1711.23706055,-827.17636626,1486.74487489
139.53,7.39949444,259.20013428,-1711.23706055,-827.17636626,1486.74487489
139.68,7.37526580,259.20013428,-1712.65771484,-827.53529739,1488.17276552
139.73,7.37526580,259.20013428,-1712.65771484,-827.53529739,1488.17276552
139.88,7.31169235,259.20013428,-1714.03112793,-827.84805759,1489.57221403
139.93,7.31169235,259.20013428,-1714.03112793,-827.84805759,1489.57221403
140.08,7.18795448,259.20013428,-1715.36352539,-828.19528471,1490.90543155
140.13,7.18795448,259.20013428,-1715.36352539,-828.19528471,1490.90543155
140.28,6.99788251,259.20013428,-1716.63037109,-828.52905047,1492.17078206
140.33,6.99788251,259.20013428,-1716.63037109,-828.52905047,1492.17078206
140.48,7.15388895,259.20013428,-1718.09387207,-828.90072282,1493.64033954
140.53,7.15388895,259.20013428,-1718.09387207,-828.90072282,1493.64033954
140.69,7.13935139,259.20013428,-1719.46911621,-829.23771611,1495.02807179
140.74,7.13935139,259.20013428,-1719.46911621,-829.23771611,1495.02807179
140.89,7.16794782,259.20013428,-1720.86083984,-829.56648262,1496.43913068
140.94,7.16794782,259.20013428,-1720.86083984,-829.56648262,1496.43913068
141.09,7.30838441,259.20013428,-1722.33508301,-829.90650227,1497.93837665
141.14,7.30838441,259.20013428,-1722.33508301,-829.90650227,1497.93837665
141.29,7.15976759,259.20013428,-1723.63916016,-830.20480403,1499.26591374
141.34,7.15976759,259.20013428,-1723.63916016,-830.20480403,1499.26591374
141.49,7.42402065,259.20013428,-1725.21337891,-830.56692632,1500.86704785
141.54,7.42402065,259.20013428,-1725.21337891,-830.56692632,1500.86704785
141.69,7.90893221,259.20013428,-1726.99536133,-830.95308821,1502.69271877
141.74,7.90893221,259.20013428,-1726.99536133,-830.95308821,1502.69271877
141.89,7.99767237,259.20013428,-1728.57800293,-831.26238650,1504.33275326
141.94,7.99767237,259.20013428,-1728.57800293,-831.26238650,1504.33275326
142.10,7.95547609,259.20013428,-1730.12390137,-831.75702378,1505.82707215
142.15,7.95547609,259.20013428,-1730.12390137,-831.75702378,1505.82707215
142.30,7.85589848,259.20013428,-1731.56323242,-832.01208081,1507.33284524
142.35,7.85589848,259.20013428,-1731.56323242,-832.01208081,1507.33284524
142.49,7.51416827,259.20013428,-1732.81420898,-832.20063211,1508.66016460
142.54,7.51416827,259.20013428,-1732.81420898,-832.20063211,1508.66016460
142.70,7.26335306,259.20013428,-1734.06433105,-832.43590126,1509.96011917
142.75,7.26335306,259.20013428,-1734.06433105,-832.43590126,1509.96011917
142.89,7.22367216,259.20013428,-1735.42187500,-832.67926239,1511.37846517
142.94,7.22367216,259.20013428,-1735.42187500,-832.67926239,1511.37846517
143.10,6.97880542,259.20013428,-1736.64013672,-832.95091708,1512.62151865
143.15,6.97880542,259.20013428,-1736.64013672,-832.95091708,1512.62151865
143.30,6.86446375,259.20013428,-1737.90563965,-833.24779833,1513.90442012
143.35,6.86446375,259.20013428,-1737.90563965,-833.24779833,1513.90442012
143.50,6.90242999,259.20013428,-1739.24584961,-833.53357631,1515.27897317
143.55,6.90242999,259.20013428,-1739.24584961,-833.53357631,1515.27897317
143.70,6.94356190,259.20013428,-1740.59826660,-833.82771333,1516.66267001
143.75,6.94356190,259.20013428,-1740.59826660,-833.82771333,1516.66267001
143.91,6.87158434,259.20013428,-1741.88122559,-834.12327225,1517.96603105
143.96,6.87158434,259.20013428,-1741.88122559,-834.12327225,1517.96603105
144.10,6.87870039,259.20013428,-1743.21325684,-834.44805443,1519.30936347
144.15,6.87870039,259.20013428,-1743.21325684,-834.44805443,1519.30936347
144.30,6.74490170,259.20013428,-1744.44140625,-834.71905551,1520.56353618
144.35,6.74490170,259.20013428,-1744.44140625,-834.71905551,1520.56353618
144.50,6.69840023,259.20013428,-1745.70593262,-835.00571749,1521.85045637
144.55,6.69840023,259.20013428,-1745.70593262,-835.00571749,1521.85045637
144.70,6.49204053,259.20013428,-1746.86047363,-835.27817086,1523.01935057
144.75,6.49204053,259.20013428,-1746.86047363,-835.27817086,1523.01935057
144.90,6.25081617,259.20013428,-1747.91748047,-835.47417224,1524.11927260
144.95,6.25081617,259.20013428,-1747.91748047,-835.47417224,1524.11927260
145.11,6.23803630,259.20013428,-1749.11218262,-835.72619075,1525.34530824
145.16,6.23803630,259.20013428,-1749.11218262,-835.72619075,1525.34530824
145.31,6.10212158,259.20013428,-1750.21069336,-835.96857205,1526.46679459
145.36,6.10212158,259.20013428,-1750.21069336,-835.96857205,1526.46679459
145.51,5.84685023,259.20013428,-1751.19677734,-836.18598918,1527.47335008
145.56,5.84685023,259.20013428,-1751.19677734,-836.18598918,1527.47335008
145.71,5.55443661,259.20013428,-1752.10131836,-836.37072922,1528.40490284
145.76,5.55443661,259.20013428,-1752.10131836,-836.37072922,1528.40490284
145.91,5.34908021,259.20013428,-1752.99621582,-836.54712788,1529.32999560
145.96,5.34908021,259.20013428,-1752.99621582,-836.54712788,1529.32999560
146.11,5.13741396,259.20013428,-1753.88500977,-836.76050573,1530.22738124
146.16,5.13741396,259.20013428,-1753.88500977,-836.76050573,1530.22738124
146.31,4.90139864,259.20013428,-1754.69750977,-836.91022625,1531.07304562
146.36,4.90139864,259.20013428,-1754.69750977,-836.91022625,1531.07304562
146.52,4.65848896,259.20013428,-1755.47082520,-837.07815862,1531.86363906
146.57,4.65848896,259.20013428,-1755.47082520,-837.07815862,1531.86363906
146.71,4.58368471,259.20013428,-1756.30981445,-837.24782108,1532.72833594
146.76,4.58368471,259.20013428,-1756.30981445,-837.24782108,1532.72833594
146.91,4.51288984,259.20013428,-1757.13928223,-837.40545050,1533.58880105
146.96,4.51288984,259.20013428,-1757.13928223,-837.40545050,1533.58880105
147.12,4.35245279,259.20013428,-1757.89538574,-837.55694288,1534.36863563
147.17,4.35245279,259.20013428,-1757.89538574,-837.55694288,1534.36863563
147.32,4.02200542,259.20013428,-1758.49084473,-837.66793543,1534.98737720
147.37,4.02200542,259.20013428,-1758.49084473,-837.66793543,1534.98737720
147.52,3.92556012,259.20013428,-1759.17993164,-837.81876637,1535.69121956
147.57,3.92556012,259.20013428,-1759.17993164,-837.81876637,1535.69121956
147.72,3.96060655,259.20013428,-1759.95544434,-837.97947849,1536.48803321
147.77,3.96060655,259.20013428,-1759.95544434,-837.97947849,1536.48803321
147.92,3.90200945,259.20013428,-1760.65869141,-838.10305120,1537.22294612
147.97,3.90200945,259.20013428,-1760.65869141,-838.10305120,1537.22294612
148.12,3.75786325,259.20013428,-1761.29992676,-838.22031344,1537.89037290
148.17,3.75786325,259.20013428,-1761.29992676,-838.22031344,1537.89037290
148.33,3.58168230,259.20013428,-1761.89697266,-838.34668320,1538.50241809
148.38,3.58168230,259.20013428,-1761.89697266,-838.34668320,1538.50241809
148.52,3.42436359,259.20013428,-1762.46960449,-838.47038428,1539.08799622
148.57,3.42436359,259.20013428,-1762.46960449,-838.47038428,1539.08799622
148.73,3.17822203,259.20013428,-1762.94201660,-838.56245454,1539.57649153
148.78,3.17822203,259.20013428,-1762.94201660,-838.56245454,1539.57649153
148.93,2.83540249,259.20013428,-1763.29211426,-838.62281112,1539.94304088
148.98,2.83540249,259.20013428,-1763.29211426,-838.62281112,1539.94304088
149.13,2.49341496,259.20013428,-1763.58154297,-838.66859209,1540.24800064
149.18,2.49341496,259.20013428,-1763.58154297,-838.66859209,1540.24800064
149.33,2.15556247,259.20013428,-1763.80224609,-838.70919359,1540.47762692
149.38,2.15556247,259.20013428,-1763.80224609,-838.70919359,1540.47762692
149.53,1.77586597,259.20013428,-1763.93774414,-838.73662760,1540.61721338
149.58,1.77586597,259.20013428,-1763.93774414,-838.73662760,1540.61721338
149.73,1.62632654,259.20013428,-1764.18835449,-838.79096985,1540.87327724
149.78,1.62632654,259.20013428,-1764.18835449,-838.79096985,1540.87327724
149.93,1.53335322,259.20013428,-1764.41662598,-838.84345031,1541.10496120
149.98,1.53335322,259.20013428,-1764.41662598,-838.84345031,1541.10496120
150.14,1.41012627,259.20013428,-1764.60876465,-838.89814697,1541.29423992
150.19,1.41012627,259.20013428,-1764.60876465,-838.89814697,1541.29423992
150.34,1.48144607,259.20013428,-1764.93823242,-838.97428271,1541.62835383
150.39,1.48144607,259.20013428,-1764.93823242,-838.97428271,1541.62835383
150.54,1.53338608,259.20013428,-1765.26013184,-839.04871270,1541.95473831
150.59,1.53338608,259.20013428,-1765.26013184,-839.04871270,1541.95473831
150.74,1.55493488,259.20013428,-1765.55944824,-839.10703947,1542.26423770
150.79,1.55493488,259.20013428,-1765.55944824,-839.10703947,1542.26423770
150.94,1.60216616,259.20013428,-1765.88452148,-839.16176815,1542.60512845
150.99,1.60216616,259.20013428,-1765.88452148,-839.16176815,1542.60512845
151.14,1.56633591,259.20013428,-1766.16625977,-839.22689519,1542.89092347
151.19,1.56633591,259.20013428,-1766.16625977,-839.22689519,1542.89092347
151.34,1.47822169,259.20013428,-1766.41699219,-839.33853398,1543.11555399
151.39,1.47822169,259.20013428,-1766.41699219,-839.33853398,1543.11555399
151.55,1.46784140,259.20013428,-1766.70068359,-839.44175481,1543.38250842
151.60,1.46784140,259.20013428,-1766.70068359,-839.44175481,1543.38250842
151.75,1.38541785,259.20013428,-1766.93188477,-839.50865922,1543.60967558
151.80,1.38541785,259.20013428,-1766.93188477,-839.50865922,1543.60967558
151.95,1.26139683,259.20013428,-1767.10961914,-839.53941385,1543.79549165
152.00,1.26139683,259.20013428,-1767.10961914,-839.53941385,1543.79549165
152.15,1.24139947,259.20013428,-1767.32958984,-839.55469538,1544.03807813
152.20,1.24139947,259.20013428,-1767.32958984,-839.55469538,1544.03807813
152.35,1.37115844,259.20013428,-1767.65161133,-839.59898968,1544.38107486
152.40,1.37115844,259.20013428,-1767.65161133,-839.59898968,1544.38107486
152.55,1.22793585,259.20013428,-1767.80505371,-839.60569867,1544.55244129
152.60,1.22793585,259.20013428,-1767.80505371,-839.60569867,1544.55244129
152.75,1.04405480,259.20013428,-1767.89965820,-839.61481862,1544.65554233
152.80,1.04405480,259.20013428,-1767.89965820,-839.61481862,1544.65554233
152.96,0.95347666,259.20013428,-1768.03588867,-839.64070203,1544.79669859
153.01,0.95347666,259.20013428,-1768.03588867,-839.64070203,1544.79669859
153.16,0.93187279,259.20013428,-1768.20312500,-839.67532595,1544.96843562
153.21,0.93187279,259.20013428,-1768.20312500,-839.67532595,1544.96843562
153.36,0.76482620,259.20013428,-1768.25671387,-839.68404429,1545.02474245
153.41,0.76482620,259.20013428,-1768.25671387,-839.68404429,1545.02474245
153.56,0.58748874,259.20013428,-1768.28027344,-839.68360755,1545.05205301
153.61,0.58748874,259.20013428,-1768.28027344,-839.68360755,1545.05205301
153.76,0.45228628,259.20013428,-1768.29492188,-839.67674937,1545.07237899
153.81,0.45228628,259.20013428,-1768.29492188,-839.67674937,1545.07237899
153.96,0.38234532,259.20013428,-1768.33410645,-839.68464724,1545.11276138
154.01,0.38234532,259.20013428,-1768.33410645,-839.68464724,1545.11276138
154.16,0.24176269,259.20013428,-1768.31347656,-839.68338910,1545.08993224
154.21,0.24176269,259.20013428,-1768.31347656,-839.68338910,1545.08993224
154.37,0.18390023,259.20013428,-1768.32763672,-839.69975565,1545.09708769
154.42,0.18390023,259.20013428,-1768.32763672,-839.69975565,1545.09708769
154.56,0.01038226,259.20013428,-1768.24426270,-839.68771322,1545.00850028
154.61,0.01038226,259.20013428,-1768.24426270,-839.68771322,1545.00850028
154.76,0.09676746,259.20013428,-1768.30639648,-839.70124101,1545.07206715
154.81,0.09676746,259.20013428,-1768.30639648,-839.70124101,1545.07206715
154.97,0.05267374,259.20013428,-1768.29968262,-839.70605917,1545.06177010
155.02,0.05267374,259.20013428,-1768.29968262,-839.70605917,1545.06177010
155.17,0.10431266,259.20013428,-1768.34387207,-839.70811936,1545.11109120
155.22,0.10431266,259.20013428,-1768.34387207,-839.70811936,1545.11109120
155.36,0.02331880,259.20013428,-1768.27185059,-839.69654107,1545.03527791
155.41,0.02331880,259.20013428,-1768.27185059,-839.69654107,1545.03527791
155.56,0.08064165,259.20013428,-1768.34057617,-839.70670959,1545.10808273
155.61,0.08064165,259.20013428,-1768.34057617,-839.70670959,1545.10808273
155.77,0.03025348,259.20013428,-1768.32446289,-839.70801925,1545.08892852
155.82,0.03025348,259.20013428,-1768.32446289,-839.70801925,1545.08892852
155.96,0.07658710,259.20013428,-1768.36181641,-839.71852914,1545.12574815
156.01,0.07658710,259.20013428,-1768.36181641,-839.71852914,1545.12574815
156.17,0.11676809,259.20013428,-1768.24707031,-839.70199003,1545.00391453
156.22,0.11676809,259.20013428,-1768.24707031,-839.70199003,1545.00391453
156.37,0.26083483,259.20013428,-1768.13024902,-839.68281594,1544.88118128
156.42,0.26083483,259.20013428,-1768.13024902,-839.68281594,1544.88118128
156.57,0.38052274,259.20013428,-1768.00451660,-839.65261993,1544.75436980
156.62,0.38052274,259.20013428,-1768.00451660,-839.65261993,1544.75436980
156.77,0.43984471,259.20013428,-1767.89147949,-839.61177277,1544.64780279
156.82,0.43984471,259.20013428,-1767.89147949,-839.61177277,1544.64780279
156.97,0.23124652,259.20013428,-1767.94726562,-839.61236231,1544.71113241
157.02,0.23124652,259.20013428,-1767.94726562,-839.61236231,1544.71113241
158.40,0.14038439,259.20013428,-1768.17004395,-839.68763550,1544.92397782
158.45,0.14038439,259.20013428,-1768.17004395,-839.68763550,1544.92397782
158.40,0.21506033,259.20013428,-1768.24877930,-839.71694609,1544.99773968
158.45,0.21506033,259.20013428,-1768.24877930,-839.71694609,1544.99773968
158.40,0.23765123,259.20013428,-1768.29858398,-839.73334809,1545.04555439
158.45,0.23765123,259.20013428,-1768.29858398,-839.73334809,1545.04555439
158.41,0.22404197,259.20013428,-1768.32299805,-839.74153721,1545.06881076
158.46,0.22404197,259.20013428,-1768.32299805,-839.74153721,1545.06881076
158.41,0.27386399,259.20013428,-1768.40026855,-839.76503567,1545.14419795
158.46,0.27386399,259.20013428,-1768.40026855,-839.76503567,1545.14419795
158.42,0.12394536,259.20013428,-1768.33837891,-839.74193128,1545.08623754
158.47,0.12394536,259.20013428,-1768.33837891,-839.74193128,1545.08623754
158.43,0.14875738,259.20013428,-1768.37854004,-839.74871491,1545.12824820
158.48,0.14875738,259.20013428,-1768.37854004,-839.74871491,1545.12824820
158.58,0.07427971,259.20013428,-1768.34851074,-839.73915116,1545.09924417
158.63,0.07427971,259.20013428,-1768.34851074,-839.73915116,1545.09924417
158.78,0.14511088,259.20013428,-1768.40979004,-839.75564672,1545.16009749
158.83,0.14511088,259.20013428,-1768.40979004,-839.75564672,1545.16009749
158.98,0.16147922,259.20013428,-1768.44738770,-839.76932480,1545.19544273
159.03,0.16147922,259.20013428,-1768.44738770,-839.76932480,1545.19544273
159.18,0.08732309,259.20013428,-1768.30114746,-839.73341248,1545.04836992
159.23,0.08732309,259.20013428,-1768.30114746,-839.73341248,1545.04836992
159.38,0.03697157,259.20013428,-1768.32397461,-839.74111771,1545.07020730
159.43,0.03697157,259.20013428,-1768.32397461,-839.74111771,1545.07020730
159.58,0.08529305,259.20013428,-1768.28320312,-839.72963398,1545.02999382
159.63,0.08529305,259.20013428,-1768.28320312,-839.72963398,1545.02999382
159.78,0.00415536,259.20013428,-1768.33337402,-839.74365245,1545.07948262
159.83,0.00415536,259.20013428,-1768.33337402,-839.74365245,1545.07948262
159.99,0.00356564,259.20013428,-1768.34143066,-839.74535739,1545.08776997
160.04,0.00356564,259.20013428,-1768.34143066,-839.74535739,1545.08776997
160.19,0.00289005,259.20013428,-1768.33264160,-839.74532337,1545.07773752
160.24,0.00289005,259.20013428,-1768.33264160,-839.74532337,1545.07773752
160.39,0.07485890,259.20013428,-1768.38537598,-839.76833118,1545.12532867
160.44,0.07485890,259.20013428,-1768.38537598,-839.76833118,1545.12532867
160.59,0.10989840,259.20013428,-1768.42309570,-839.78487939,1545.15930357
160.64,0.10989840,259.20013428,-1768.42309570,-839.78487939,1545.15930357
160.79,0.09703414,259.20013428,-1768.29357910,-839.73769841,1545.03731233
160.84,0.09703414,259.20013428,-1768.29357910,-839.73769841,1545.03731233
160.99,0.03011071,259.20013428,-1768.32629395,-839.75453259,1545.06542825
161.04,0.03011071,259.20013428,-1768.32629395,-839.75453259,1545.06542825
161.19,0.06273632,259.20013428,-1768.30249023,-839.73991084,1545.04632629
161.24,0.06273632,259.20013428,-1768.30249023,-839.73991084,1545.04632629
161.40,0.07701093,259.20013428,-1768.28588867,-839.72831560,1545.03385815
161.45,0.07701093,259.20013428,-1768.28588867,-839.72831560,1545.03385815
161.59,0.01866371,259.20013428,-1768.34875488,-839.76108249,1545.08755177
161.64,0.01866371,259.20013428,-1768.34875488,-839.76108249,1545.08755177
161.79,0.06326745,259.20013428,-1768.38757324,-839.78425514,1545.11902898
161.84,0.06326745,259.20013428,-1768.38757324,-839.78425514,1545.11902898
162.00,0.04377600,259.20013428,-1768.31066895,-839.74046207,1545.05539964
162.05,0.04377600,259.20013428,-1768.31066895,-839.74046207,1545.05539964
162.20,0.06813793,259.20013428,-1768.38439941,-839.79053814,1545.11206186
162.25,0.06813793,259.20013428,-1768.38439941,-839.79053814,1545.11206186
162.40,0.12944942,259.20013428,-1768.43627930,-839.82675983,1545.15123820
162.45,0.12944942,259.20013428,-1768.43627930,-839.82675983,1545.15123820
162.60,0.09120044,259.20013428,-1768.42089844,-839.81624172,1545.13952939
162.65,0.09120044,259.20013428,-1768.42089844,-839.81624172,1545.13952939
162.80,0.06116279,259.20013428,-1768.32458496,-839.75762201,1545.06185988
162.85,0.06116279,259.20013428,-1768.32458496,-839.75762201,1545.06185988
163.00,0.04057359,259.20013428,-1768.32983398,-839.76481119,1545.06388281
163.05,0.04057359,259.20013428,-1768.32983398,-839.76481119,1545.06388281
163.20,0.00924783,259.20013428,-1768.35998535,-839.78991866,1545.08446529
163.25,0.00924783,259.20013428,-1768.35998535,-839.78991866,1545.08446529
163.40,0.00353583,259.20013428,-1768.34680176,-839.78234094,1545.07358180
163.45,0.00353583,259.20013428,-1768.34680176,-839.78234094,1545.07358180
163.61,0.05756534,259.20013428,-1768.38708496,-839.82489286,1545.09621709
163.66,0.05756534,259.20013428,-1768.38708496,-839.82489286,1545.09621709
163.81,0.08309920,259.20013428,-1768.41418457,-839.84847108,1545.11414893
163.86,0.08309920,259.20013428,-1768.41418457,-839.84847108,1545.11414893
164.00,0.03001326,259.20013428,-1768.38769531,-839.81802620,1545.10054836
164.05,0.03001326,259.20013428,-1768.38769531,-839.81802620,1545.10054836
164.21,0.01195858,259.20013428,-1768.36389160,-839.80353691,1545.08145495
164.26,0.01195858,259.20013428,-1768.36389160,-839.80353691,1545.08145495
164.41,0.00231021,259.20013428,-1768.37060547,-839.80264753,1545.08960636
164.46,0.00231021,259.20013428,-1768.37060547,-839.80264753,1545.08960636
164.61,0.01870490,259.20013428,-1768.35644531,-839.80346085,1545.07302708
164.66,0.01870490,259.20013428,-1768.35644531,-839.80346085,1545.07302708
164.81,0.01997874,259.20013428,-1768.36254883,-839.81048155,1545.07611739
164.86,0.01997874,259.20013428,-1768.36254883,-839.81048155,1545.07611739
165.01,0.00400412,259.20013428,-1768.38061523,-839.82295817,1545.08978641
165.06,0.00400412,259.20013428,-1768.38061523,-839.82295817,1545.08978641
165.21,0.04137241,259.20013428,-1768.37658691,-839.84093809,1545.07549668
165.26,0.04137241,259.20013428,-1768.37658691,-839.84093809,1545.07549668
165.41,0.01148503,259.20013428,-1768.40051270,-839.83524445,1545.10587890
165.46,0.01148503,259.20013428,-1768.40051270,-839.83524445,1545.10587890
165.62,0.00582556,259.20013428,-1768.40576172,-839.84214564,1545.10806236
165.67,0.00582556,259.20013428,-1768.40576172,-839.84214564,1545.10806236
165.82,0.00366151,259.20013428,-1768.40600586,-839.84240646,1545.10818773
165.87,0.00366151,259.20013428,-1768.40600586,-839.84240646,1545.10818773
166.01,0.00866247,259.20013428,-1768.40014648,-839.84318500,1545.10111038
166.06,0.00866247,259.20013428,-1768.40014648,-839.84318500,1545.10111038
166.22,0.02610362,259.20013428,-1768.39392090,-839.84911871,1545.09065808
166.27,0.02610362,259.20013428,-1768.39392090,-839.84911871,1545.09065808
166.42,0.08109322,259.20013428,-1768.36804199,-839.86347761,1545.05337739
166.47,0.08109322,259.20013428,-1768.36804199,-839.86347761,1545.05337739
166.62,0.10349664,259.20013428,-1768.35314941,-839.86343077,1545.03634128
166.67,0.10349664,259.20013428,-1768.35314941,-839.86343077,1545.03634128
166.82,0.01876787,259.20013428,-1768.38952637,-839.85271553,1545.08375113
166.87,0.01876787,259.20013428,-1768.38952637,-839.85271553,1545.08375113
167.02,0.04478492,259.20013428,-1768.37512207,-839.85689262,1545.06498197
167.07,0.04478492,259.20013428,-1768.37512207,-839.85689262,1545.06498197
167.22,0.04895273,259.20013428,-1768.36889648,-839.85141076,1545.06090546
167.27,0.04895273,259.20013428,-1768.36889648,-839.85141076,1545.06090546
167.42,0.03481061,259.20013428,-1768.40979004,-839.83985486,1545.11393019
167.47,0.03481061,259.20013428,-1768.40979004,-839.83985486,1545.11393019
167.63,0.01536687,259.20013428,-1768.39880371,-839.83636887,1545.10330740
167.68,0.01536687,259.20013428,-1768.39880371,-839.83636887,1545.10330740
167.83,0.10745002,259.20013428,-1768.32263184,-839.82831534,1545.02078088
167.88,0.10745002,259.20013428,-1768.32263184,-839.82831534,1545.02078088
168.03,0.01031848,259.20013428,-1768.38085938,-839.83677003,1545.08256654
168.08,0.01031848,259.20013428,-1768.38085938,-839.83677003,1545.08256654
168.23,0.07439489,259.20013428,-1768.33850098,-839.82785778,1545.03919044
168.28,0.07439489,259.20013428,-1768.33850098,-839.82785778,1545.03919044
168.43,0.12706149,259.20013428,-1768.29943848,-839.81835178,1544.99973759
168.48,0.12706149,259.20013428,-1768.29943848,-839.81835178,1544.99973759
168.63,0.01788272,259.20013428,-1768.35961914,-839.83840610,1545.05755594
168.68,0.01788272,259.20013428,-1768.35961914,-839.83840610,1545.05755594
168.83,0.00678405,259.20013428,-1768.36181641,-839.83235677,1545.06319404
168.88,0.00678405,259.20013428,-1768.36181641,-839.83235677,1545.06319404
169.03,0.06769518,259.20013428,-1768.41040039,-839.84383424,1545.11240407
169.08,0.06769518,259.20013428,-1768.41040039,-839.84383424,1545.11240407
169.23,0.10258487,259.20013428,-1768.44238281,-839.85930209,1545.14040995
169.28,0.10258487,259.20013428,-1768.44238281,-839.85930209,1545.14040995
169.43,0.10290842,259.20013428,-1768.44689941,-839.87201033,1545.13854116
169.48,0.10290842,259.20013428,-1768.44689941,-839.87201033,1545.13854116
169.63,0.09371018,259.20013428,-1768.44787598,-839.87911476,1545.13576070
169.68,0.09371018,259.20013428,-1768.44787598,-839.87911476,1545.13576070
169.83,0.06630472,259.20013428,-1768.42919922,-839.87248497,1545.11815085
169.88,0.06630472,259.20013428,-1768.42919922,-839.87248497,1545.11815085
170.03,0.00902082,259.20013428,-1768.36987305,-839.83906966,1545.06889232
170.08,0.00902082,259.20013428,-1768.36987305,-839.83906966,1545.06889232
170.24,0.01361138,259.20013428,-1768.40600586,-839.85421923,1545.10165017
170.29,0.01361138,259.20013428,-1768.40600586,-839.85421923,1545.10165017
170.44,0.01470398,259.20013428,-1768.33862305,-839.81452296,1545.04666014
170.49,0.01470398,259.20013428,-1768.33862305,-839.81452296,1545.04666014
170.64,0.06785032,259.20013428,-1768.40197754,-839.82454522,1545.11345923
170.69,0.06785032,259.20013428,-1768.40197754,-839.82454522,1545.11345923
170.84,0.06057061,259.20013428,-1768.41491699,-839.83086186,1545.12466736
170.89,0.06057061,259.20013428,-1768.41491699,-839.83086186,1545.12466736
171.05,0.05215975,259.20013428,-1768.41870117,-839.83135424,1545.12871151
171.10,0.05215975,259.20013428,-1768.41870117,-839.83135424,1545.12871151
171.25,0.08141920,259.20013428,-1768.44641113,-839.82439338,1545.16415891
171.30,0.08141920,259.20013428,-1768.44641113,-839.82439338,1545.16415891
171.45,0.15163906,259.20013428,-1768.49877930,-839.81977925,1545.22646361
171.50,0.15163906,259.20013428,-1768.49877930,-839.81977925,1545.22646361
171.65,0.37338211,259.20013428,-1768.60803223,-839.82642550,1545.34737655
171.70,0.37338211,259.20013428,-1768.60803223,-839.82642550,1545.34737655
171.85,0.78114911,259.20013428,-1768.82067871,-839.84589890,1545.57930669
171.90,0.78114911,259.20013428,-1768.82067871,-839.84589890,1545.57930669
172.05,1.26736239,259.20013428,-1769.15173340,-839.95956333,1545.89462126
172.10,1.26736239,259.20013428,-1769.15173340,-839.95956333,1545.89462126
172.25,1.61562727,259.20013428,-1769.58801270,-840.10628189,1546.31176416
172.30,1.61562727,259.20013428,-1769.58801270,-840.10628189,1546.31176416
172.45,1.78624109,259.20013428,-1770.02294922,-840.25314210,1546.72729163
172.50,1.78624109,259.20013428,-1770.02294922,-840.25314210,1546.72729163
172.66,1.80095631,259.20013428,-1770.38793945,-840.35110030,1547.08988982
172.71,1.80095631,259.20013428,-1770.38793945,-840.35110030,1547.08988982
172.86,1.93876029,259.20013428,-1770.84606934,-840.46734024,1547.54869919
172.91,1.93876029,259.20013428,-1770.84606934,-840.46734024,1547.54869919
173.05,2.01887022,259.20013428,-1771.28576660,-840.57009879,1547.99372774
173.10,2.01887022,259.20013428,-1771.28576660,-840.57009879,1547.99372774
173.25,2.36323899,259.20013428,-1771.90808105,-840.67968400,1548.64351331
173.30,2.36323899,259.20013428,-1771.90808105,-840.67968400,1548.64351331
173.45,2.54983643,259.20013428,-1772.49450684,-840.78598652,1549.25406662
173.50,2.54983643,259.20013428,-1772.49450684,-840.78598652,1549.25406662
173.66,3.25925319,259.20013428,-1773.47741699,-841.03061930,1550.24085678
173.71,3.25925319,259.20013428,-1773.47741699,-841.03061930,1550.24085678
173.86,3.17652924,259.20013428,-1774.05090332,-841.14609421,1550.83152032
173.91,3.17652924,259.20013428,-1774.05090332,-841.14609421,1550.83152032
174.06,3.52911163,259.20013428,-1774.95104980,-841.42565479,1551.70469350
174.11,3.52911163,259.20013428,-1774.95104980,-841.42565479,1551.70469350
174.26,3.44930572,259.20013428,-1775.58398438,-841.56464637,1552.35030621
174.31,3.44930572,259.20013428,-1775.58398438,-841.56464637,1552.35030621
174.46,3.39336942,259.20013428,-1776.21777344,-841.75972833,1552.96604680
174.51,3.39336942,259.20013428,-1776.21777344,-841.75972833,1552.96604680
174.66,3.20475573,259.20013428,-1776.75585938,-841.94542425,1553.47787491
174.71,3.20475573,259.20013428,-1776.75585938,-841.94542425,1553.47787491
174.86,3.10611633,259.20013428,-1777.28747559,-842.01354894,1554.04664744
174.91,3.10611633,259.20013428,-1777.28747559,-842.01354894,1554.04664744
175.06,3.03480074,259.20013428,-1777.83056641,-842.08610339,1554.62615474
175.11,3.03480074,259.20013428,-1777.83056641,-842.08610339,1554.62615474
175.26,2.82187926,259.20013428,-1778.25793457,-842.18160385,1555.06100344
175.31,2.82187926,259.20013428,-1778.25793457,-842.18160385,1555.06100344
